-0.0368961 0.573478 1.03006  0.0343221
-0.0409589 0.598472 1.07039  0.0348648
-0.0363273 0.578325 0.997301  0.0289092
-0.0383405 0.631713 1.09358  0.034978
-0.0100168 0.51927 0.906089  0.0272541
0.135914 0.404534 0.70698  0.0261462
-0.0277221 0.540591 1.00089  0.034592
-0.0398185 0.580657 0.970604  0.0294287
-0.0460234 0.58752 0.924359  0.0267427
-0.0263774 0.597985 1.09528  0.0227464
-0.0330704 0.603999 1.12652  0.0374814
-0.0149146 0.596787 0.833017  0.0354956
-0.0299653 0.662432 1.07885  0.0307678
-0.0152121 0.684802 0.852218  0.0306742
-0.0118441 0.700719 1.04828  0.0317604
-0.0243025 0.668234 1.09946  0.0290548
-0.0192581 0.715313 1.02228  0.0220568
0.01731 0.430732 0.95441  0.0355498
0.0014321 0.476482 0.932245  0.0306712
-0.0139017 0.485913 0.944646  0.0188367
-0.0170347 0.495759 0.987899  0.034148
-0.00386245 0.505246 0.917593  0.0292827
-0.0117194 0.534405 0.894008  0.0271154
-0.0142065 0.547104 0.876463  0.028793
-0.0137207 0.571939 0.850891  0.0330048
0.180553 0.32492 1.15652  0.0302301
-0.0295884 0.590728 0.877447  0.0326242
-0.0234612 0.588425 0.912303  0.023817
-0.023492 0.583869 0.946773  0.0239046
0.133344 0.373741 1.19214  0.0322408
-0.0157432 0.588219 1.15875  0.0291777
-0.0111173 0.652755 0.829957  0.0347995
-0.00120499 0.722955 1.01284  0.0319832
-0.0183616 0.690901 1.08104  0.0337383
0.950268 0.566852 0.654464  0.0335499
-0.0112976 0.716946 1.10335  0.0257866
0.0147366 0.749057 1.11611  0.0314792
0.0219112 0.441172 0.938954  0.0298311
0.0050739 0.466151 0.966699  0.0330782
0.393529 0.423276 0.516791  0.031141
0.0272156 0.528574 1.23598  0.0267014
0.0202588 0.530671 1.24347  0.0257604
0.0163309 0.551774 1.22214  0.0258428
-0.026111 0.591784 1.16653  0.0292425
-0.0186116 0.621047 0.799726  0.0337656
-0.00160746 0.594854 0.805042  0.0341259
0.0158546 0.591931 1.23793  0.0308748
-0.000322663 0.704688 0.861207  0.033558
0.00219142 0.741981 0.976287  0.032545
1.00114 0.468592 0.815236  0.0305414
0.0182152 0.775908 0.974105  0.0296508
0.0246582 0.42149 1.00521  0.031404
1.03003 0.557179 0.803826  0.038596
0.0401731 0.507491 1.2486  0.029283
0.00725516 0.553301 1.22228  0.0270769
0.0389676 0.598528 0.695426  0.0307408
0.00443716 0.60937 0.75927  0.0328403
0.0134366 0.606406 1.28652  0.016426
0.0248871 0.610362 0.724571  0.0327867
-0.00370105 0.737674 0.881446  0.0341714
0.00317598 0.724269 1.09682  0.0290199
0.833584 0.788035 0.629233  0.0174656
0.0389105 0.784723 1.10815  0.0305172
0.0365311 0.777542 1.14131  0.0358922
0.0157046 0.772687 0.941092  0.0348293
0.0322906 0.789343 1.07671  0.0318913
0.0293353 0.789851 1.03827  0.0309107
0.0336977 0.422484 1.04379  0.0315839
0.0577202 0.476126 1.2557  0.036018
0.0628302 0.49356 1.28505  0.0305312
0.0599736 0.580318 0.675225  0.0303631
0.041333 0.606263 1.30437  0.0223229
0.0367738 0.603119 1.26911  0.0309774
0.0579729 0.785963 0.828719  0.0318827
0.768606 0.322404 0.727674  0.0232714
0.0301838 0.795326 0.961523  0.0305875
0.0507765 0.818663 0.986574  0.0320282
0.047365 0.403783 0.93174  0.0334989
0.0639813 0.41513 1.15346  0.0317135
0.0424181 0.418223 1.08101  0.030898
0.0552864 0.417092 1.11555  0.0331062
0.0768539 0.435056 1.23444  0.0382989
0.0686916 0.566262 0.657893  0.0234425
0.0496065 0.604913 1.28697  0.0217727
0.0501878 0.620812 0.69464  0.0371634
0.0609653 0.612534 1.33066  0.02417
0.0381797 0.776314 0.860026  0.0327645
0.0244006 0.791061 1.00278  0.0291939
0.0519147 0.385667 0.876  0.0113787
0.0779561 0.507376 1.30843  0.0297474
0.0828719 0.525707 1.32982  0.02936
0.0679174 0.607598 1.3238  0.016309
0.0646295 0.611236 1.30695  0.0231355
0.0802708 0.611757 1.33327  0.0225619
0.0807546 0.615205 1.35787  0.0260173
0.0748635 0.650936 0.671819  0.0324827
0.0608574 0.793653 1.17612  0.0367121
0.078552 0.798325 0.79996  0.0302347
0.0759175 0.841299 1.00875  0.0281512
0.080956 0.841642 0.994244  0.0261198
0.0835418 0.376026 0.862262  0.0238436
0.105773 0.359439 0.898108  0.0290473
0.0788705 0.375712 0.921639  0.0280495
0.104208 0.355006 0.967823  0.0308414
0.509118 0.92802 0.700996  0.0270389
0.0927665 0.376946 0.834191  0.0235669
0.0769731 0.381168 0.889183  0.0269687
0.0581341 0.38926 0.910796  0.0246324
0.111285 0.397514 1.21365  0.0318477
0.746906 0.815998 1.39796  0.0279899
0.103482 0.530029 0.640595  0.0300046
0.0837941 0.549768 0.645999  0.0259062
0.0837352 0.557529 0.657915  0.0268397
0.089333 0.54108 1.3632  0.0241497
0.0929747 0.627264 0.627188  0.023807
0.0721317 0.62259 0.657334  0.0303576
0.108444 0.612851 1.38811  0.0332868
0.0971176 0.618031 1.35699  0.0225427
0.0978131 0.678102 0.655508  0.031229
0.079219 0.800639 1.20971  0.0341523
0.0898728 0.791679 1.25578  0.0289852
0.107377 0.814723 1.23223  0.0299406
0.106486 0.863485 1.00478  0.0262139
0.123078 0.349462 0.907862  0.0228586
0.108045 0.378997 0.801356  0.0236696
0.103466 0.378793 0.858297  0.0240309
0.0958336 0.36974 0.93491  0.0251611
0.119807 0.383105 0.765944  0.0271775
0.0875866 0.422671 1.25178  0.0252869
0.117576 0.406956 1.25414  0.0323399
0.131473 0.482797 0.635979  0.0272763
0.143953 0.485187 0.621229  0.0349461
0.118175 0.508353 0.634437  0.0283145
0.100368 0.53948 1.35163  0.0260804
0.112303 0.556214 1.37728  0.0287419
0.10952 0.573081 1.39809  0.0226431
0.12009 0.568792 1.3897  0.0274105
0.0990938 0.623058 0.639443  0.0255771
0.118768 0.628509 0.610193  0.0318939
0.133533 0.638244 1.41055  0.0367994
0.430833 0.39984 0.511566  0.0249878
0.135296 0.672584 1.39773  0.0332838
0.117405 0.798082 1.26745  0.0291441
0.10711 0.865347 1.01807  0.0279213
0.823791 0.913763 1.03081  0.0299274
0.137767 0.384756 0.766386  0.0227694
0.127704 0.37857 0.794975  0.0230495
0.141419 0.339463 0.892762  0.0297611
0.11703 0.375471 0.825298  0.0239327
0.141463 0.39342 0.736278  0.0320928
0.14273 0.46095 0.638576  0.0304087
0.128725 0.59418 1.40583  0.0307576
0.14773 0.593662 1.42791  0.0286254
-0.0314559 0.640169 1.11401  0.0291
0.119745 0.701415 0.643445  0.0316102
0.136525 0.730335 0.640002  0.0294906
0.147498 0.769792 1.33948  0.0346151
0.129236 0.815065 0.741537  0.0341739
0.105222 0.781339 1.2935  0.02997
0.140288 0.838069 1.21476  0.0276323
0.117869 0.835119 1.20529  0.0306531
0.13521 0.8856 1.01099  0.0296883
0.152952 0.323452 1.06364  0.0217146
0.116033 0.343247 1.00851  0.0261322
0.148362 0.333531 1.03304  0.0296523
0.146933 0.391443 1.27562  0.0300891
0.154909 0.431647 0.652791  0.0358489
0.162455 0.412479 0.678959  0.0402621
0.159303 0.592606 1.4194  0.0263586
0.167891 0.635119 0.557865  0.0234821
0.366505 0.444129 0.515845  0.0304579
0.136802 0.701465 1.37567  0.0297829
0.136538 0.723413 1.36562  0.0280992
0.136037 0.739428 1.35171  0.0274393
0.123663 0.764243 1.32993  0.0276218
0.123383 0.783952 1.29856  0.032352
0.138953 0.824553 0.702779  0.023521
0.148191 0.821026 0.720091  0.0249046
0.138919 0.855033 1.17949  0.0316163
0.143721 0.886951 1.06306  0.0247212
0.137559 0.87206 1.11805  0.0224327
0.159163 0.389003 1.29259  0.0202384
0.151067 0.634121 0.582015  0.0325464
0.0781199 0.378622 0.950316  0.0282509
0.16182 0.676513 1.42051  0.0285533
0.183555 0.737825 0.58659  0.0309208
0.153706 0.756836 0.629493  0.0258627
0.150695 0.757864 0.642043  0.0290842
0.155411 0.866686 1.12352  0.0228971
0.143639 0.860114 1.14767  0.0288862
0.166641 0.888772 1.05049  0.029204
0.197754 0.884291 1.18699  0.0306795
0.155225 0.874841 1.09222  0.0304873
0.167686 0.908048 0.99774  0.0304553
0.174684 0.322983 1.06508  0.0297037
0.160044 0.34993 1.16979  0.0331255
0.175875 0.38469 1.29888  0.0233884
0.176476 0.387811 1.28326  0.0224263
0.169979 0.501833 0.593315  0.0322054
0.180645 0.57643 1.44239  0.0325679
0.181944 0.637229 0.561792  0.0241069
0.189255 0.694924 1.41997  0.0232188
0.183769 0.694117 1.43191  0.025794
0.159471 0.796712 0.660355  0.0272687
0.169948 0.815458 0.67835  0.0318498
0.177703 0.840573 0.714695  0.0315466
0.184906 0.860904 0.747459  0.0292117
0.167669 0.867206 1.18956  0.0306634
0.169957 0.897912 1.02166  0.0268102
0.490218 0.97202 1.10025  0.0296126
0.193863 0.915423 0.969507  0.0305677
0.171868 0.322466 0.874669  0.0257195
0.174148 0.314503 1.08496  0.0244299
0.196072 0.408496 0.647117  0.0363586
0.190243 0.524499 0.564446  0.0336627
0.214652 0.558111 1.4562  0.0345045
0.22166 0.636783 0.519585  0.0336464
0.196762 0.632616 0.538741  0.0286693
0.211533 0.710092 1.44283  0.0314408
0.192895 0.710574 0.562868  0.0323727
0.211987 0.775605 1.38694  0.0230287
0.204141 0.782575 0.607319  0.032192
0.174555 0.786185 0.64221  0.0350264
0.988301 0.785477 1.1508  0.0351081
0.191162 0.832707 0.693454  0.0236178
0.203336 0.848054 0.707046  0.0256356
0.202602 0.881241 0.782893  0.0318786
0.21337 0.905888 0.833867  0.0215405
0.226009 0.936451 0.974327  0.0270481
0.1928 0.917057 0.994228  0.031164
0.236077 0.286659 1.1222  0.0305578
0.199523 0.310592 1.10177  0.0304292
0.208034 0.308796 1.14164  0.0319775
0.247502 0.287463 1.15933  0.0291256
0.24868 0.35815 0.686447  0.0199149
0.198317 0.380155 1.31054  0.0307399
0.225773 0.377479 1.33292  0.0297933
0.22728 0.53763 1.46767  0.0240467
0.22295 0.536251 0.53407  0.035384
0.239447 0.785759 0.587628  0.0315892
0.174341 0.760841 0.612296  0.0303838
0.204926 0.775282 1.39997  0.0249288
0.222697 0.857487 0.715812  0.0281924
0.219252 0.866316 0.740512  0.0236984
0.233664 0.898075 1.18925  0.0320827
0.251275 0.273971 1.0794  0.0290999
0.252591 0.288813 0.874441  0.0289134
0.236785 0.366243 0.696823  0.0310639
0.210527 0.384547 0.682133  0.0319809
0.25332 0.559286 1.47777  0.0335614
0.556978 0.244601 1.10619  0.0312755
0.206657 0.678124 0.538054  0.0345682
0.274224 0.788081 0.56872  0.0323191
0.234817 0.775073 1.41543  0.0308874
0.232178 0.919802 0.86341  0.0282123
0.233464 0.928133 0.908966  0.0345386
0.246068 0.942389 0.999087  0.0260652
0.257313 0.266217 0.970288  0.0199564
0.275408 0.288945 1.17009  0.0270539
0.253757 0.375038 1.35693  0.0308039
0.274085 0.385986 0.608527  0.0312482
0.235865 0.394696 0.623472  0.0326605
0.271403 0.498188 1.47197  0.0312016
0.223001 0.570865 0.490296  0.00587187
0.220824 0.897501 0.811281  0.0297533
0.242639 0.610793 0.502823  0.0331596
0.237117 0.647098 0.51162  0.0327536
0.262274 0.668567 0.507153  0.0297551
0.244172 0.735103 1.4497  0.0334973
1.06029 0.518749 0.976616  0.0355297
0.26891 0.773805 1.43927  0.0338315
0.253041 0.882199 0.731436  0.0315374
0.235001 0.910918 0.844109  0.0261834
0.261728 0.926608 0.843813  0.021702
0.258808 0.927336 0.869541  0.0260686
0.254622 0.940746 0.980749  0.0237598
0.257747 0.270378 1.02736  0.0344709
0.272896 0.271843 1.06792  0.0254655
0.256507 0.301779 1.21089  0.0344328
0.271075 0.266434 0.947274  0.0279596
0.274147 0.275059 1.12589  0.0354741
0.26276 0.337612 0.706775  0.0308584
0.259272 0.326275 1.28178  0.0248857
0.282595 0.348914 1.33922  0.0299856
0.247771 0.525101 1.46639  0.030598
0.245442 0.56443 0.507416  0.0336346
0.266273 0.586981 0.491397  0.0301034
0.266339 0.595111 0.511282  0.0190678
0.281529 0.757688 1.46047  0.0317414
0.285668 0.89575 0.738566  0.0310737
0.239697 0.933915 0.948874  0.0266942
0.266218 0.94928 0.985319  0.0313586
0.284428 0.263021 0.881468  0.0294142
0.262699 0.268115 0.914352  0.0219063
0.268153 0.264901 0.985492  0.0314311
0.270551 0.282923 0.837858  0.0315096
0.280925 0.270775 0.918744  0.0259384
0.292796 0.316554 0.72593  0.0329894
0.306454 0.41819 1.43523  0.0317455
0.283346 0.487909 1.47496  0.0240194
0.293453 0.527863 0.495688  0.0319681
0.284248 0.569184 0.489925  0.0378046
0.288193 0.68722 0.512051  0.0302396
0.273343 0.911582 1.20492  0.028706
0.29513 0.932321 0.810876  0.0230793
0.282841 0.929131 0.837796  0.0293051
0.278226 0.945033 1.03005  0.0316342
0.295159 0.943771 1.07338  0.0358947
0.299483 0.264107 0.878349  0.0279964
0.305547 0.290585 0.755835  0.0322674
0.29665 0.284321 0.804032  0.0320621
0.334415 0.38097 0.575783  0.0331115
0.303339 0.386098 0.593316  0.0296044
0.301544 0.464913 1.46189  0.0334427
0.340912 0.464896 0.507633  0.0307671
0.295384 0.559151 1.4945  0.0323538
0.331976 0.574221 0.481539  0.0353364
0.328081 0.80605 1.4379  0.0281225
0.314799 0.786313 1.45109  0.0329587
0.322772 0.933612 1.17972  0.0286227
0.318897 0.924845 1.21476  0.0338438
0.308882 0.95802 1.00669  0.0323193
0.303114 0.275651 0.824093  0.0242601
0.307416 0.267339 0.85089  0.0264613
0.324274 0.28787 0.77334  0.0281011
0.312369 0.323089 0.684335  0.0249486
0.318534 0.30683 0.719961  0.0287734
0.363233 0.28826 0.744162  0.0357564
0.321448 0.486722 0.501436  0.0283857
0.337814 0.352949 0.62197  0.032137
0.326479 0.339223 0.655111  0.0304759
0.311206 0.385596 1.4116  0.0375307
0.357344 0.377235 0.589309  0.0261362
0.292223 0.36436 1.3677  0.0282957
0.936147 0.602943 1.35102  0.0331409
0.322765 0.435505 1.46143  0.0329117
0.335757 0.417016 1.45047  0.0311987
0.310817 0.502414 0.499353  0.0274157
0.333133 0.565008 1.51682  0.033706
0.31668 0.705451 0.497466  0.0279607
0.323501 0.70692 0.516511  0.0265447
0.330345 0.761686 1.47152  0.036624
0.328816 0.907564 0.745739  0.0372735
0.30827 0.929746 0.8206  0.0233736
0.309247 0.936709 1.15208  0.0298399
0.334474 0.256457 0.877808  0.0263024
0.330725 0.253198 0.899098  0.022393
0.329649 0.259772 1.12606  0.0300333
0.319881 0.263237 1.15538  0.0369262
0.3333 0.320196 0.688421  0.0259645
0.371325 0.393297 0.553623  0.0329356
0.999273 0.721493 1.21698  0.0339727
0.350014 0.369205 1.3862  0.0316251
0.357057 0.437265 1.4625  0.0362628
0.334355 0.47213 1.48774  0.0311612
0.343882 0.503807 1.5015  0.0309164
0.354513 0.534199 1.52193  0.0328554
0.317272 0.788355 0.551748  0.0344078
0.340737 0.817682 1.42749  0.0275361
0.327368 0.934954 0.798984  0.0288615
0.342591 0.930017 1.21513  0.0251441
0.35404 0.245214 0.909112  0.0305232
0.37579 0.350626 1.38167  0.0309752
0.917252 0.645352 0.603966  0.0296649
0.35249 0.731713 0.504306  0.0312498
0.36444 0.780596 1.47211  0.0303423
0.355863 0.83609 1.41773  0.0300032
0.687695 0.81071 1.44465  0.0300515
0.354874 0.934727 0.780044  0.0300795
0.338673 0.967073 0.996195  0.0287467
0.348553 0.257761 1.14025  0.0290573
0.371813 0.247404 1.10989  0.0309402
0.376689 0.262611 1.16967  0.0344554
0.396384 0.357206 1.38549  0.0159551
0.378176 0.5621 0.464973  0.0355413
0.358614 0.732063 1.49126  0.0319021
0.386504 0.711194 1.50881  0.029749
0.360304 0.791296 0.526009  0.0360531
0.387034 0.785899 1.48545  0.0244456
0.376222 0.859345 1.39242  0.0335081
1.06742 0.651484 0.899169  0.0342378
0.361254 0.929827 1.24859  0.0358206
0.378494 0.93359 0.762695  0.0308786
0.361723 0.971708 0.99404  0.0290479
0.38743 0.24422 0.930631  0.0318942
0.397845 0.241935 1.09921  0.0302443
0.413775 0.341801 1.36587  0.0339047
0.396084 0.421549 1.47082  0.0317602
0.380429 0.571999 1.53076  0.036473
0.386517 0.752311 0.501675  0.032007
0.399566 0.802472 0.535505  0.0307527
0.363619 0.923341 0.725769  0.0262751
0.128771 0.345455 0.997319  0.0295019
0.376605 0.909661 1.30788  0.0320872
0.389387 0.975108 0.994629  0.0283918
0.418786 0.235255 0.951047  0.0325184
0.411789 0.594617 1.55226  0.0347246
0.429724 0.664246 1.54334  0.028552
0.407107 0.698917 1.52072  0.0279198
0.413378 0.781943 0.507139  0.0337465
0.407623 0.788539 1.46995  0.0246358
0.416246 0.784602 1.49099  0.022251
0.420034 0.833287 0.55839  0.0324278
0.434188 0.862555 1.40251  0.0289705
0.41631 0.910992 1.3246  0.0297285
0.397742 0.892133 1.35256  0.0360719
0.391544 0.922716 0.732511  0.0292036
0.424037 0.933259 0.712724  0.0258316
-0.00173679 0.58416 1.20218  0.035316
0.420061 0.948467 1.22788  0.0321849
0.4452 0.946945 1.24312  0.0322574
0.40716 0.958297 0.795593  0.0239431
0.417853 0.965102 0.839196  0.0325267
0.413714 0.98122 0.987091  0.0288315
0.694313 0.948093 1.17176  0.024153
0.534007 0.916333 0.665622  0.033378
0.416298 0.284936 0.745369  0.0358534
0.411612 0.405147 0.534902  0.0349835
0.434846 0.420646 1.47384  0.0313375
0.433177 0.687435 1.53557  0.0348435
0.436778 0.758731 0.497279  0.00966413
0.424274 0.771568 0.494421  0.0283889
0.439615 0.791435 1.48361  0.0276247
0.437335 0.853377 0.585601  0.0306458
0.472389 0.839498 1.43502  0.033587
0.456294 0.873247 0.611803  0.0334596
0.412608 0.94261 0.7482  0.0286266
0.422698 0.953424 0.783758  0.0254795
0.425049 0.957143 0.810127  0.0240873
0.439988 0.982936 0.999279  0.0216172
0.434891 0.234739 1.08418  0.0262978
0.425376 0.235228 1.07108  0.0256128
0.415894 0.260586 1.18763  0.0332959
0.441733 0.278461 0.753051  0.0215274
0.45429 0.326477 1.35303  0.0281723
0.459524 0.426258 0.508967  0.0351959
0.424813 0.557433 0.45921  0.0319623
0.450968 0.60963 1.55781  0.0337935
0.441388 0.645105 1.54899  0.0385119
0.452196 0.721683 1.51722  0.0260322
0.45135 0.716872 1.52835  0.0285497
0.454834 0.762611 0.492346  0.0330286
0.414699 0.804856 0.528571  0.0265526
0.662791 0.954461 1.17032  0.0276128
0.442365 0.936921 0.728567  0.0296704
0.433655 0.946524 0.756124  0.0221598
0.431405 0.97276 0.876787  0.0327774
0.461226 0.954317 1.2063  0.0338467
0.443354 0.982698 0.94899  0.0213732
0.457702 0.230571 1.05468  0.0293545
0.465761 0.279888 0.740812  0.0317341
0.460986 0.327589 1.36819  0.0296767
0.470456 0.396462 0.536104  0.0337505
0.473806 0.41555 1.47658  0.0323916
0.460324 0.563923 0.453833  0.0302193
0.447982 0.589382 1.54863  0.0205614
0.463402 0.631989 1.56125  0.025696
0.490401 0.752846 0.4719  0.0375077
0.410791 0.868702 1.3749  0.0323371
0.483734 0.75629 1.50139  0.0227819
0.471355 0.742789 1.51634  0.0286932
0.461719 0.793792 1.49691  0.0202645
0.475371 0.89746 0.641504  0.0323666
0.485145 0.917805 0.668815  0.030139
0.469558 0.925709 0.699985  0.034261
0.444193 0.978204 0.913051  0.0308098
0.278851 0.38317 1.38668  0.0313283
0.468788 0.958932 1.16563  0.0258187
0.46947 0.981549 0.945173  0.0260414
0.458343 0.987008 0.983915  0.0305471
0.457704 0.226976 0.966365  0.0319941
0.480027 0.227542 1.0293  0.0261236
0.50523 0.227654 1.0438  0.0259629
0.51083 0.271193 0.747773  0.0351274
0.501656 0.392812 0.528863  0.0345655
0.481614 0.458148 0.484449  0.0323794
0.511089 0.577192 1.55449  0.0291378
0.486051 0.591752 1.56134  0.0343093
0.486063 0.760285 0.485459  0.0281427
0.471165 0.795364 1.47792  0.0248141
0.498782 0.791226 1.49137  0.0317637
0.484027 0.96624 1.13148  0.0288782
0.496321 0.974302 1.06459  0.0312635
0.488856 0.987132 0.972903  0.0270969
0.494037 0.984684 1.01703  0.0291167
0.535239 0.239166 1.07795  0.0292834
0.497428 0.227244 0.993592  0.0367319
0.53503 0.232459 1.0324  0.0303147
0.51928 0.555825 0.450057  0.0340766
0.489465 0.555236 0.438251  0.0235363
0.500886 0.567248 0.447249  0.0310752
0.49699 0.761527 1.50555  0.0280335
0.89469 0.641794 0.580157  0.0310584
0.501119 0.964175 1.16989  0.0241779
0.498203 0.960172 1.19545  0.0254143
0.540439 0.301792 1.31903  0.0308719
0.495826 0.311593 1.3409  0.0328069
0.513907 0.368398 0.565049  0.0337654
0.491514 0.490607 0.474315  0.0307369
0.502109 0.519621 0.459787  0.0311669
0.508477 0.602122 1.57026  0.021769
0.52051 0.589049 1.5564  0.0269059
0.523745 0.720473 0.458348  0.0316647
0.525029 0.754395 0.484793  0.0310873
0.0351232 0.421381 0.972991  0.0230212
0.536226 0.959811 1.18227  0.0295546
0.550059 0.232509 0.932346  0.0284139
0.540708 0.227184 0.956878  0.029141
0.502357 0.265179 1.25185  0.0180753
0.306544 0.936348 1.11567  0.0319716
0.525485 0.305196 1.34058  0.0251913
0.552579 0.328046 0.626041  0.0308463
0.511649 0.414711 1.47523  0.0310879
0.543513 0.40569 0.518082  0.0324963
0.53969 0.570588 1.55254  0.029675
0.527757 0.582468 1.5628  0.0265619
0.546048 0.580387 0.435992  0.0344997
0.521419 0.789273 1.49427  0.0341382
0.511046 0.824674 1.45821  0.0344359
0.527566 0.985698 1.02729  0.0302803
0.52098 0.987477 0.991851  0.0275908
0.563981 0.23889 0.871048  0.0295096
0.537058 0.225028 0.992019  0.0281006
0.572488 0.230544 1.01462  0.0289151
0.561345 0.232477 0.900257  0.0311243
0.565837 0.234382 1.05065  0.0254257
0.560162 0.245205 1.13763  0.0300326
0.566911 0.253003 1.17767  0.0261774
0.529717 0.264034 1.2473  0.036655
0.565958 0.278373 1.28093  0.0377254
0.573122 0.312613 0.654143  0.0308418
0.543858 0.349363 0.596723  0.0338211
0.554651 0.414807 1.47011  0.0255575
0.542997 0.415339 1.48719  0.021884
0.547389 0.584895 1.57047  0.0209761
0.559009 0.702439 0.457457  0.0332796
0.555763 0.755875 0.484498  0.028625
0.563736 0.989325 1.00002  0.0334982
0.577742 0.25432 0.783116  0.0286178
0.554091 0.276013 0.745094  0.0308305
0.558836 0.249578 0.826908  0.0280212
0.574568 0.417302 1.48826  0.0237452
0.566586 0.561647 1.55072  0.0304281
0.574873 0.663811 0.439501  0.0350358
0.59199 0.72078 0.473972  0.0292784
0.588992 0.75727 0.488834  0.0289993
0.556825 0.803193 1.47911  0.0333458
0.532596 0.819769 1.45733  0.0251072
0.579163 0.899801 0.651798  0.0341714
0.564737 0.966675 1.16219  0.0254251
0.569967 0.984091 1.0585  0.0189036
0.603405 0.258424 1.18857  0.0267875
0.592916 0.273073 0.738925  0.0309079
0.584527 0.254754 0.796375  0.0267434
0.583081 0.2459 0.83616  0.0258193
0.58671 0.271553 1.25196  0.0289756
0.583176 0.262385 1.21414  0.0324717
0.602205 0.381409 1.42551  0.0284363
0.585933 0.411334 0.520974  0.0336037
0.587768 0.426119 1.47196  0.0236869
0.606932 0.435796 1.49792  0.0328056
0.594752 0.54261 1.5459  0.0364653
0.576161 0.615028 0.43799  0.0384051
0.576904 0.696978 0.458434  0.030564
0.572072 0.812712 1.45438  0.0217876
0.591338 0.804667 1.47405  0.029712
0.583164 0.928065 0.71136  0.0330424
0.604002 0.931308 0.737255  0.0233065
0.572012 0.983218 1.0443  0.0291615
0.573237 0.959983 1.17948  0.0239405
0.5968 0.982322 0.975229  0.0309232
0.590479 0.252928 1.1531  0.022316
0.0660348 0.791217 1.20441  0.0307007
0.604779 0.270855 0.754355  0.0316396
0.591361 0.295147 1.3155  0.0331907
0.607111 0.332039 1.36768  0.0266963
0.610402 0.354628 1.39165  0.0300766
0.322781 0.392511 1.44277  0.0126715
0.603713 0.413219 0.530276  0.0202398
0.601271 0.514812 1.53163  0.0272352
0.610512 0.602804 0.434362  0.0271648
0.615298 0.596529 0.443879  0.0308699
0.073273 0.41377 1.18873  0.0307459
0.600025 0.654212 0.441084  0.0263036
0.586501 0.664356 0.445012  0.0299253
0.600361 0.745062 0.480957  0.0297116
0.618406 0.76159 0.498994  0.0319195
0.602135 0.961456 1.16985  0.0299683
0.975562 0.405006 0.841344  0.0302901
0.615077 0.975741 1.08563  0.0191482
0.6152 0.969928 1.1136  0.031356
0.642428 0.954235 1.18166  0.0283478
0.619325 0.975231 0.942996  0.0253238
0.633571 0.974292 0.956264  0.0267004
0.591077 0.981045 1.07663  0.0327806
0.613653 0.234834 1.03203  0.0260271
0.639039 0.237989 1.06039  0.0253339
0.603596 0.235094 1.04036  0.0284326
0.63224 0.251275 1.13565  0.0272454
0.620891 0.254556 1.16278  0.025474
0.592478 0.299685 0.684597  0.0323489
0.623246 0.283589 0.712503  0.0307795
0.640479 0.282649 0.7359  0.0249997
0.615228 0.321045 1.34795  0.0326727
0.619792 0.374101 1.41798  0.0272934
0.614257 0.402961 1.45584  0.0326588
0.628623 0.419734 0.516642  0.0305262
0.621518 0.470848 1.50691  0.0329664
0.609588 0.478412 1.52287  0.0323898
0.790448 0.930052 0.867732  0.0308156
0.598591 0.634956 0.438934  0.0310899
0.621019 0.80455 1.46375  0.0322253
0.643097 0.252905 1.1391  0.0245943
0.653361 0.287514 0.710124  0.0225243
0.677806 0.303875 0.695881  0.027686
0.64207 0.336549 1.37537  0.0240007
0.684227 0.40154 1.4401  0.0330881
0.551583 0.926941 0.701119  0.0312938
0.613958 0.50275 1.53052  0.028946
0.630659 0.560652 1.5333  0.0330285
0.634694 0.583415 0.443749  0.0340659
1.04943 0.700726 0.865687  0.0280295
0.62233 0.887264 0.639693  0.032026
0.626196 0.933448 0.735509  0.0331783
0.65489 0.967719 0.917294  0.0355242
0.646034 0.24005 1.04288  0.0240783
0.679833 0.245288 1.0656  0.0332904
0.64781 0.333895 1.35659  0.0240135
0.667956 0.348018 1.3663  0.0247283
0.64699 0.410552 1.46101  0.0309645
0.625453 0.425951 1.48073  0.0292726
0.672824 0.484316 0.498915  0.0263122
0.646371 0.500905 1.52381  0.0302592
0.676682 0.527045 1.52611  0.0295987
0.698694 0.561111 0.473557  0.0300693
0.657395 0.558787 1.54244  0.0218324
0.683124 0.779496 0.517411  0.0312761
0.649805 0.771534 0.50329  0.029252
0.652586 0.805485 1.46526  0.0308868
0.6575 0.818236 1.4353  0.0267003
0.660659 0.869264 0.624378  0.0366897
0.65856 0.9329 0.763358  0.0319637
0.660006 0.255646 1.11197  0.0310143
0.669412 0.289457 0.734426  0.0293729
0.700474 0.289111 0.752542  0.030747
0.67884 0.350649 1.38126  0.0250599
0.668458 0.43667 0.523484  0.0353415
0.683425 0.485098 0.4901  0.0254855
0.671994 0.51715 1.50562  0.0224885
0.662694 0.531982 0.470621  0.0287847
0.667096 0.558148 0.4643  0.0372104
0.684977 0.558457 1.52128  0.034092
0.684397 0.792446 1.45889  0.0312339
0.681048 0.801071 0.544146  0.0297068
0.6971 0.826614 1.41283  0.0312411
0.717974 0.814359 1.42589  0.0281241
0.693333 0.83766 0.593152  0.030544
0.690294 0.880509 0.654792  0.0305865
0.681592 0.887194 0.679025  0.0218967
0.712679 0.955518 0.860189  0.0290587
0.691204 0.253488 1.08847  0.0275891
0.697024 0.317256 0.679828  0.0281417
0.70056 0.299097 0.718264  0.0250773
0.690283 0.326311 0.670314  0.0227828
0.713033 0.369135 1.37811  0.0299087
0.711231 0.37976 0.60804  0.0254326
0.0162799 0.768455 0.902916  0.0367716
0.692356 0.457067 0.509928  0.0296669
0.683722 0.485323 0.498041  0.0242575
0.668521 0.511784 0.48133  0.0290341
0.709112 0.793723 0.540189  0.031069
0.756721 0.80027 0.575866  0.0308532
0.720188 0.815258 0.564926  0.0341415
0.715681 0.833347 0.593565  0.0296567
0.69059 0.923725 0.759778  0.0211878
0.685956 0.949837 1.20393  0.0309558
0.695672 0.329255 0.653224  0.0185116
0.705695 0.340003 0.655206  0.0305762
0.711263 0.359644 0.630334  0.0299322
0.693245 0.356798 1.36845  0.0229289
0.721163 0.413525 0.569051  0.0260594
0.714496 0.437412 0.529937  0.0328516
0.099718 0.808571 0.774275  0.0318955
0.704771 0.544207 1.51607  0.0302978
0.711055 0.774625 1.46111  0.028486
0.696951 0.857053 0.621386  0.0292057
0.692289 0.894383 0.693426  0.0295656
0.70194 0.907917 0.72505  0.0315365
0.721842 0.938082 0.817506  0.0241884
0.719529 0.93628 1.18061  0.0285867
0.708572 0.935093 0.802062  0.0280813
0.730048 0.254653 1.07416  0.0297524
0.744962 0.30711 0.739247  0.0335823
0.728114 0.299144 0.777557  0.0292108
0.717702 0.396776 0.585876  0.0249907
0.726231 0.383499 0.602529  0.0260167
0.730836 0.408181 0.578889  0.0228388
0.745269 0.43494 0.548755  0.0323954
0.464344 0.258588 1.22501  0.0195378
0.718394 0.834155 1.39721  0.0254576
0.724219 0.846523 1.37541  0.0336555
0.725705 0.9167 1.25783  0.0272569
0.735286 0.898825 1.28136  0.0272152
0.717991 0.918468 0.763048  0.0293835
0.723016 0.932377 1.22309  0.0296096
0.752455 0.2626 1.03821  0.0263982
0.72285 0.265097 1.05807  0.0268218
0.769524 0.269585 1.07584  0.0304541
0.743841 0.377022 1.37828  0.0320683
0.725907 0.400423 1.41763  0.0344211
0.731909 0.558525 0.487742  0.0294643
0.735826 0.562052 1.50602  0.0294651
0.72743 0.570246 1.5193  0.0326307
0.757723 0.736601 1.46089  0.0286722
0.732314 0.754035 1.46109  0.0306757
0.757044 0.900251 1.26171  0.0280668
0.74232 0.926901 0.797968  0.0293537
0.741587 0.938012 0.834335  0.028122
0.747068 0.939794 0.860785  0.0243586
0.78799 0.274452 1.03359  0.0290139
0.777088 0.451057 0.551882  0.0291804
0.765067 0.560158 0.507044  0.0336642
0.232969 0.296992 0.853722  0.0267537
0.767316 0.521072 1.47965  0.0299342
0.76531 0.577899 1.50089  0.0339453
0.173745 0.324295 0.897436  0.0250594
0.786449 0.793652 0.597923  0.0268826
0.751828 0.816395 1.4125  0.0253677
0.749941 0.857154 1.33812  0.0345895
0.455468 0.259183 1.20296  0.0303734
0.767898 0.906151 1.24487  0.0204179
0.747484 0.886322 1.29844  0.0295887
0.769487 0.931778 0.838503  0.0282611
0.738449 0.929092 1.20974  0.0293038
0.756994 0.914767 1.23055  0.0263482
0.761353 0.295043 0.803965  0.0341682
0.781757 0.300857 0.840153  0.0311883
0.764484 0.386989 1.36219  0.0184467
0.786859 0.438407 0.572731  0.0339039
0.78185 0.471761 1.44583  0.0287804
0.788297 0.456035 1.41963  0.0242055
0.778397 0.49672 1.46205  0.0319513
0.771936 0.546944 1.48982  0.0307157
0.783551 0.598622 1.49209  0.0322394
0.790769 0.694373 1.47055  0.0253085
0.775379 0.713629 1.46714  0.0299562
0.782259 0.848472 1.33475  0.0290721
0.767543 0.871969 1.31428  0.026842
0.7678 0.889015 1.28042  0.0233463
0.803203 0.914997 1.10553  0.0342724
0.758621 0.928224 1.14159  0.0262322
0.765336 0.928766 1.17241  0.0333579
0.80382 0.278508 1.04774  0.0286444
0.828744 0.287703 1.01084  0.0339698
0.800304 0.300514 0.873423  0.0322925
0.803321 0.398178 1.34867  0.01646
0.785414 0.390151 1.36998  0.0260027
0.757172 0.790154 0.557371  0.0296434
0.772802 0.408132 1.39589  0.0366762
0.804176 0.449924 1.42647  0.028012
0.849069 0.313623 0.936687  0.031327
0.806153 0.561712 0.532914  0.0273786
0.808032 0.561334 0.515674  0.027619
0.644751 0.786641 0.523304  0.0297171
0.793421 0.685708 1.46737  0.0308048
0.784625 0.811616 1.38886  0.0309194
0.805343 0.83017 1.34735  0.0312475
0.802666 0.91496 1.14267  0.0318054
0.804395 0.920863 0.905454  0.0300453
0.808387 0.289883 0.988456  0.0278749
0.815396 0.29934 0.91556  0.0335897
0.832848 0.355819 0.724043  0.0380782
0.797547 0.401366 1.38351  0.0261618
0.85106 0.405684 1.32814  0.0195805
0.830578 0.416318 1.37194  0.0273677
0.814118 0.426911 0.601992  0.0244576
0.683867 0.939654 0.786303  0.0277038
0.814911 0.432957 1.39245  0.0309942
0.797101 0.476373 0.553654  0.0299169
0.81492 0.499499 0.555721  0.0296341
0.826716 0.51922 0.551244  0.0287409
0.801816 0.621028 1.48633  0.0325618
0.812564 0.63944 1.47402  0.0332518
0.841218 0.654774 1.45511  0.0310221
0.800401 0.656355 1.47862  0.0303383
0.829389 0.776089 0.609885  0.0346444
0.81746 0.916212 0.854628  0.028588
0.825606 0.918859 0.991218  0.034271
0.830678 0.913298 0.913796  0.0257226
0.820017 0.280967 1.06678  0.0303861
0.848776 0.301531 1.05187  0.0310182
0.815692 0.402205 1.36158  0.0271078
0.819769 0.428964 0.59229  0.0252973
0.832808 0.423917 0.632107  0.0228408
0.204644 0.305046 0.878074  0.030411
0.838007 0.541526 0.551088  0.0287415
0.849114 0.568358 0.545439  0.0347164
0.854698 0.676191 1.43024  0.0323286
0.863298 0.738023 0.608319  0.0306797
0.840908 0.806967 1.34496  0.0272149
0.846609 0.803485 1.36271  0.0253256
0.817077 0.813592 1.36569  0.0296311
0.83524 0.916936 0.878357  0.0301159
0.821494 0.918542 0.949789  0.0314726
0.821752 0.914453 1.06409  0.0315197
0.828035 0.294719 0.955638  0.0346864
0.850544 0.308474 1.08347  0.0309753
0.872841 0.334861 0.910413  0.0342197
0.840737 0.40565 1.345  0.0265922
0.873688 0.418178 0.673149  0.0245046
0.850927 0.411562 1.36264  0.0224529
0.83922 0.426066 0.615383  0.0247681
0.914922 0.592614 0.606562  0.0261965
0.863494 0.420994 0.649198  0.0270175
0.407851 0.935723 1.27847  0.0383333
0.872699 0.621896 1.42032  0.0309677
0.885165 0.617551 1.40897  0.0294969
0.840911 0.626885 1.45311  0.0353465
0.840228 0.763602 0.596088  0.0271255
0.795988 0.78875 0.579832  0.0327556
0.868052 0.868163 0.815628  0.0325343
0.843052 0.890576 1.12197  0.0263687
0.890048 0.342193 1.12373  0.0229832
0.886437 0.416338 0.65832  0.0214108
0.869834 0.408924 1.32874  0.0320922
0.85726 0.420446 0.63042  0.0222951
0.892064 0.410386 1.29766  0.0365996
0.875197 0.685879 1.42268  0.0264305
0.882456 0.702446 1.39932  0.0313608
0.848168 0.786149 0.631365  0.0323268
0.877641 0.790866 0.661748  0.0328758
0.865585 0.803294 1.3306  0.0143251
0.871835 0.785655 1.34934  0.0304828
0.897242 0.883806 0.933114  0.0338257
0.877904 0.877664 1.11975  0.0302674
0.851112 0.889913 0.840443  0.0313456
0.866359 0.895774 0.906736  0.0316961
0.844628 0.896858 1.13569  0.0300372
0.874841 0.320526 1.07087  0.029531
0.889948 0.337829 1.09862  0.0313495
0.896425 0.359647 1.15284  0.0259206
0.890314 0.384202 1.20353  0.0285937
0.879942 0.593811 0.563792  0.0342369
0.888251 0.710888 0.609607  0.0318717
0.899461 0.765354 1.3382  0.0377862
0.9032 0.789258 0.691752  0.0309152
0.178231 0.775432 1.37389  0.0316767
0.891864 0.849119 0.786665  0.0330304
0.914685 0.8753 0.933796  0.0240429
0.913076 0.357912 1.07522  0.0329365
0.918635 0.404441 0.749486  0.0311082
0.904798 0.353385 0.879202  0.0349327
0.91629 0.38106 1.21545  0.0296395
0.898691 0.414226 0.694414  0.0299574
0.915192 0.400561 1.26016  0.0427457
0.912738 0.404247 0.722722  0.0279939
0.876986 0.384333 0.723037  0.0352006
0.916034 0.485285 0.674082  0.0172106
0.932755 0.58279 0.619834  0.0319733
0.897143 0.732913 1.37602  0.0349946
0.931 0.757298 1.29617  0.0269175
0.928835 0.789426 0.726899  0.032751
0.911095 0.823633 0.759403  0.0329923
0.905735 0.860715 1.11691  0.0295809
0.914075 0.351672 1.13055  0.0244028
0.912971 0.366132 1.17265  0.0296961
0.923932 0.375278 0.84849  0.0279472
0.921509 0.421672 0.721626  0.0310644
0.918241 0.438032 1.29083  0.0330764
0.921919 0.451801 0.6972  0.0293262
0.927973 0.475012 0.683685  0.0288341
0.931797 0.502516 0.671379  0.0287991
0.910824 0.613268 0.59236  0.0376206
0.278764 0.912896 1.18619  0.0268163
0.901561 0.673277 0.606841  0.0344308
0.917193 0.694327 0.640598  0.0308205
0.931391 0.721408 0.676991  0.0267608
0.952912 0.721748 1.29004  0.0277084
0.923435 0.755128 1.31419  0.032628
0.924127 0.711654 0.660196  0.0280529
0.936543 0.731534 0.691673  0.0282053
0.931253 0.738058 1.30501  0.0306037
0.946636 0.743796 0.709583  0.0292772
0.927348 0.789493 0.701672  0.0201715
0.271962 0.312973 1.25162  0.0335121
0.940907 0.851278 0.976607  0.0217223
0.933783 0.371431 0.851897  0.0293474
0.947919 0.38063 1.07617  0.033277
0.944663 0.396343 0.819495  0.0300319
0.950252 0.416213 1.23231  0.0322973
0.937522 0.412181 0.753586  0.0287801
0.932956 0.434448 0.709634  0.0208517
0.943063 0.43105 0.726287  0.00753164
0.933076 0.528879 0.65727  0.0311761
0.212218 0.926947 0.936916  0.0243952
0.954928 0.762823 0.731977  0.0315432
0.950828 0.789396 0.749973  0.0347314
0.933668 0.848206 1.10614  0.0303663
0.639029 0.967297 1.14416  0.0299138
0.929411 0.862099 0.956191  0.032217
0.950939 0.405619 0.787219  0.0346057
0.975927 0.427695 0.808631  0.0329768
0.954327 0.497596 1.28703  0.0291508
0.939845 0.469686 1.29174  0.0317291
0.965677 0.520475 1.28926  0.0288056
0.935043 0.562296 0.641453  0.0313245
0.91087 0.609607 1.3804  0.0337905
0.970309 0.709417 1.28294  0.0212454
0.957037 0.70861 1.26452  0.019274
0.946404 0.765119 1.2851  0.0285705
0.968619 0.76651 0.777334  0.0256989
0.958693 0.762788 1.26038  0.031268
0.958309 0.846323 0.979921  0.0303465
0.95541 0.839278 0.99462  0.021158
0.962788 0.828869 1.09194  0.0321396
0.986314 0.418537 0.890951  0.0214203
0.98762 0.429269 1.13905  0.0259334
0.972483 0.427373 1.17616  0.0228731
0.969244 0.423248 1.1971  0.0315254
0.443366 0.85076 1.40995  0.0301784
0.969051 0.592655 1.31874  0.0350588
0.978712 0.700402 1.26912  0.0282391
0.96923 0.767744 1.21915  0.0283617
0.981397 0.770151 0.769049  0.0275423
0.997906 0.795197 1.11026  0.033534
0.973394 0.826805 1.01187  0.0332071
0.99109 0.419005 0.867525  0.0303931
0.978333 0.408987 1.05719  0.035622
1.01614 0.434486 0.982268  0.0332983
0.995232 0.428797 1.16496  0.0273276
0.978462 0.543525 1.2871  0.0298215
0.97294 0.56215 0.68827  0.030884
0.990328 0.560821 0.724502  0.0321329
0.99014 0.579004 1.28462  0.0344483
1.00867 0.59203 1.27423  0.0257045
0.992184 0.595555 1.31101  0.0177951
1.01389 0.626918 1.25636  0.0295729
1.00317 0.690149 1.24621  0.0350879
1.00333 0.749458 0.78792  0.0248116
1.01527 0.744119 0.821124  0.0309518
1.00986 0.767118 0.874015  0.0264045
0.993892 0.761141 0.803763  0.0300339
0.998571 0.762847 0.842218  0.0230522
1.00687 0.78436 1.13598  0.0199997
0.978791 0.768301 1.2333  0.0233198
0.992005 0.806779 1.072  0.0352207
0.992669 0.80995 1.03838  0.0320056
1.00354 0.423137 0.906058  0.0298317
1.01693 0.436512 1.07406  0.0346117
1.01336 0.426934 0.941629  0.032909
1.01649 0.444313 1.11647  0.0388094
0.991363 0.45624 0.824782  0.0281391
1.01421 0.501461 0.83222  0.0354204
1.03644 0.534929 0.833745  0.033448
1.02845 0.503869 1.14384  0.0302708
1.01353 0.559157 0.760397  0.0334627
1.0181 0.599745 1.25457  0.0298988
1.01609 0.661956 1.24528  0.0353338
1.03958 0.631998 1.25593  0.0178234
0.276635 0.333142 1.3055  0.0346978
1.027 0.765658 0.863977  0.0205802
0.994466 0.764256 1.19027  0.0369793
1.01532 0.768133 0.834794  0.0201852
1.02018 0.765462 0.907526  0.0323875
1.00837 0.78809 0.993568  0.0327617
1.0177 0.782361 0.965829  0.0313612
1.01303 0.792999 1.0067  0.027367
0.490265 0.264127 1.22233  0.0292679
1.02694 0.438658 1.02721  0.0360451
1.03212 0.484544 1.1324  0.032281
1.05523 0.560671 1.14049  0.0330321
1.03859 0.568328 1.17624  0.0286374
1.03282 0.605848 1.22665  0.0327089
1.03118 0.640912 1.22371  0.0297356
1.05555 0.676904 0.883161  0.0339415
1.03348 0.717907 0.846129  0.0301555
0.785008 0.333202 0.734995  0.0344933
1.02655 0.728871 0.827407  0.0243351
1.02633 0.749815 0.84799  0.0121666
1.03768 0.727469 0.90578  0.0273572
1.03223 0.743353 0.922039  0.0275502
1.02199 0.76801 0.941207  0.0326189
1.01515 0.79928 1.03509  0.0225624
1.04249 0.479784 1.00124  0.0353891
1.04316 0.532211 1.15709  0.0351181
1.0687 0.558885 1.04756  0.0352276
1.05229 0.571351 1.18331  0.0283777
1.05196 0.577683 0.845407  0.0366161
1.04708 0.707897 0.891791  0.030131
1.06067 0.559688 1.09524  0.0332696
1.04674 0.585551 1.19808  0.0341433
1.06273 0.64373 0.878469  0.0317473
0.576747 0.304726 1.33675  0.0228763
1.07286 0.562219 0.996141  0.0352613
1.07338 0.565249 0.952067  0.0353484
1.07031 0.606588 0.880558  0.0363647
1.08428 0.626706 0.906431  0.0282312
0.687838 0.957871 0.886487  0.0321584
1.07584 0.596557 0.919256  0.0316498
1.08087 0.590328 0.937467  0.0280517
