0 0 0  1 1
-2.38419e-06 -3.63729e-06 -4.6958e-06  1 0.999999
-8.58316e-06 -1.45497e-05 -1.87836e-05  1 0.999996
-1.90739e-05 -3.27372e-05 -4.2263e-05  1 0.999992
-3.38569e-05 -5.82e-05 -7.51341e-05  1 0.999985
-5.22171e-05 -9.01976e-05 -0.00011644  1 0.999977
-7.53474e-05 -0.000130063 -0.000167902  1 0.999967
-0.000102533 -0.000177206 -0.000228754  1 0.999955
-0.000134014 -0.000231625 -0.000298997  1 0.999941
-0.000169552 -0.000293322 -0.000378629  1 0.999925
-0.000209387 -0.000362298 -0.00046765  1 0.999907
-0.00025352 -0.000438552 -0.00056606  1 0.999888
-0.000301715 -0.000522087 -0.000673858  1 0.999866
-0.000353017 -0.000610977 -0.000788557  1 0.999844
-0.000409577 -0.000708926 -0.000914936  1 0.999819
-0.000470442 -0.000814159 -0.0010507  1 0.999792
-0.000535374 -0.000926676 -0.00119585  1 0.999763
-0.000604616 -0.00104648 -0.00135038  1 0.999732
-0.000678168 -0.00117357 -0.0015143  1 0.9997
-0.000755795 -0.00130795 -0.00168759  1 0.999666
-0.000837738 -0.00144962 -0.00187026  1 0.999629
-0.000921848 -0.00159547 -0.0020583  1 0.999592
-0.00101219 -0.00175157 -0.00225954  1 0.999552
-0.00110662 -0.00191498 -0.00247016  1 0.99951
-0.00120538 -0.00208568 -0.00269014  1 0.999467
-0.00130822 -0.00226368 -0.0029195  1 0.999422
-0.00141564 -0.00244898 -0.00315824  1 0.999374
-0.00152692 -0.00264158 -0.00340634  1 0.999325
-0.00164254 -0.00284149 -0.0036638  1 0.999274
-0.0017601 -0.00304441 -0.0039251  1 0.999222
-0.00188418 -0.0032588 -0.0042011  1 0.999167
-0.0020126 -0.00348049 -0.00448647  1 0.999111
-0.00214514 -0.0037095 -0.0047812  1 0.999052
-0.00228204 -0.00394583 -0.00508528  1 0.998992
-0.00242306 -0.00418949 -0.00539872  1 0.99893
-0.00256846 -0.00444046 -0.00572151  1 0.998866
-0.00271822 -0.00469877 -0.00605365  1 0.9988
-0.00286901 -0.00495891 -0.00638808  1 0.998734
-0.00302706 -0.00523173 -0.00673872  1 0.998664
-0.0031895 -0.00551188 -0.00709872  1 0.998593
-0.00335633 -0.00579938 -0.00746805  1 0.998519
-0.00352732 -0.00609422 -0.00784671  1 0.998445
-0.00370271 -0.00639641 -0.00823472  1 0.998368
-0.00388227 -0.00670594 -0.00863205  1 0.998289
-0.00406625 -0.00702284 -0.00903872  1.00001 0.998208
-0.0042508 -0.0073404 -0.00944613  1.00001 0.998128
-0.00444338 -0.00767186 -0.00987125  1.00001 0.998044
-0.00464016 -0.00801069 -0.0103057  1.00001 0.997957
-0.00484138 -0.00835689 -0.0107495  1.00001 0.997869
-0.00504681 -0.00871046 -0.0112025  1.00001 0.99778
-0.00525668 -0.00907141 -0.0116649  1.00001 0.997688
-0.00547102 -0.00943974 -0.0121366  1.00001 0.997594
-0.00568958 -0.00981546 -0.0126176  1.00001 0.997499
-0.00590801 -0.0101907 -0.0130979  1.00001 0.997404
-0.00613528 -0.010581 -0.0135973  1.00001 0.997305
-0.0063668 -0.0109788 -0.014106  1.00001 0.997204
-0.00660281 -0.011384 -0.014624  1.00001 0.997101
-0.00684332 -0.0117965 -0.0151513  1.00001 0.996997
-0.0070881 -0.0122165 -0.0156878  1.00002 0.996891
-0.00733739 -0.0126439 -0.0162337  1.00002 0.996782
-0.00759097 -0.0130788 -0.0167888  1.00002 0.996672
-0.00784373 -0.0135119 -0.0173416  1.00002 0.996563
-0.00810614 -0.0139615 -0.0179151  1.00002 0.99645
-0.00837285 -0.0144185 -0.0184978  1.00002 0.996334
-0.00864412 -0.0148829 -0.0190898  1.00002 0.996216
-0.00891996 -0.0153548 -0.0196911  1.00002 0.996098
-0.00920012 -0.0158341 -0.0203016  1.00003 0.995977
-0.00948488 -0.0163209 -0.0209213  1.00003 0.995854
-0.00977397 -0.0168152 -0.0215503  1.00003 0.995729
-0.0100616 -0.0173066 -0.0221754  1.00003 0.995605
-0.0103594 -0.0178157 -0.0228227  1.00003 0.995477
-0.0106621 -0.0183323 -0.0234792  1.00004 0.995347
-0.0109691 -0.0188563 -0.024145  1.00004 0.995215
-0.0112806 -0.0193879 -0.0248199  1.00004 0.995082
-0.0115967 -0.0199269 -0.0255041  1.00004 0.994946
-0.0119172 -0.0204735 -0.0261975  1.00004 0.994808
-0.0122424 -0.0210276 -0.0269001  1.00005 0.994669
-0.0125654 -0.0215777 -0.0275973  1.00005 0.994531
-0.0128995 -0.0221467 -0.0283181  1.00005 0.994389
-0.0132382 -0.0227232 -0.0290481  1.00005 0.994244
-0.0135817 -0.0233073 -0.0297872  1.00006 0.994097
-0.0139296 -0.0238989 -0.0305356  1.00006 0.993949
-0.0142821 -0.0244981 -0.0312931  1.00006 0.993799
-0.0146392 -0.0251049 -0.0320598  1.00007 0.993648
-0.0150011 -0.0257192 -0.0328357  1.00007 0.993493
-0.0153599 -0.0263283 -0.0336046  1.00007 0.993341
-0.0157309 -0.0269577 -0.0343986  1.00008 0.993184
-0.0161064 -0.0275946 -0.0352018  1.00008 0.993025
-0.0164866 -0.0282391 -0.0360141  1.00008 0.992864
-0.0168717 -0.0288913 -0.0368355  1.00009 0.992701
-0.0172612 -0.0295511 -0.0376661  1.00009 0.992537
-0.0176557 -0.0302185 -0.0385058  1.00009 0.992371
-0.0180545 -0.0308935 -0.0393546  1.0001 0.992203
-0.01845 -0.0315622 -0.040195  1.0001 0.992037
-0.0188583 -0.0322523 -0.0410618  1.00011 0.991865
-0.0192715 -0.0329502 -0.0419378  1.00011 0.991691
-0.0196894 -0.0336557 -0.0428229  1.00012 0.991516
-0.0201121 -0.0343689 -0.043717  1.00012 0.991339
-0.0205396 -0.0350897 -0.0446203  1.00013 0.99116
-0.0209717 -0.0358183 -0.0455326  1.00013 0.99098
-0.0214087 -0.0365545 -0.046454  1.00014 0.990797
-0.0218414 -0.0372832 -0.0473654  1.00014 0.990617
-0.0222879 -0.0380348 -0.0483047  1.00015 0.990431
-0.0227394 -0.038794 -0.0492531  1.00016 0.990243
-0.0231956 -0.039561 -0.0502106  1.00016 0.990053
-0.0236565 -0.0403357 -0.0511771  1.00017 0.989862
-0.0241225 -0.0411182 -0.0521526  1.00017 0.989669
-0.0245933 -0.0419085 -0.0531372  1.00018 0.989474
-0.0250691 -0.0427065 -0.0541308  1.00019 0.989278
-0.0255399 -0.0434958 -0.0551129  1.00019 0.989083
-0.0260253 -0.0443092 -0.0561243  1.0002 0.988884
-0.0265157 -0.0451305 -0.0571447  1.00021 0.988681
-0.0270111 -0.0459596 -0.0581741  1.00022 0.988478
-0.0275114 -0.0467965 -0.0592126  1.00022 0.988272
-0.0280165 -0.0476412 -0.06026  1.00023 0.988065
-0.0285269 -0.0484938 -0.0613164  1.00024 0.987856
-0.0290421 -0.0493542 -0.0623818  1.00025 0.987645
-0.0295518 -0.0502047 -0.0634341  1.00026 0.987437
-0.030077 -0.0510807 -0.0645172  1.00027 0.987222
-0.0306073 -0.0519646 -0.0656092  1.00028 0.987007
-0.0311426 -0.0528564 -0.0667103  1.00029 0.986788
-0.0316829 -0.0537561 -0.0678202  1.0003 0.986569
-0.0322285 -0.0546637 -0.0689391  1.00031 0.986348
-0.0327791 -0.0555792 -0.0700668  1.00032 0.986125
-0.0333347 -0.0565027 -0.0712035  1.00033 0.9859
-0.033884 -0.057415 -0.0723257  1.00034 0.985678
-0.03445 -0.0583543 -0.07348  1.00035 0.98545
-0.0350211 -0.0593015 -0.0746432  1.00036 0.98522
-0.0355973 -0.0602567 -0.0758153  1.00037 0.984988
-0.0361786 -0.0612198 -0.0769963  1.00038 0.984755
-0.0367653 -0.0621911 -0.0781862  1.00039 0.984519
-0.0373572 -0.0631703 -0.0793849  1.00041 0.984282
-0.0379542 -0.0641575 -0.0805925  1.00042 0.984043
-0.0385442 -0.0651324 -0.081784  1.00043 0.983808
-0.0391516 -0.0661356 -0.0830091  1.00044 0.983566
-0.0397645 -0.0671468 -0.084243  1.00046 0.983322
-0.0403826 -0.0681661 -0.0854857  1.00047 0.983076
-0.041006 -0.0691935 -0.0867373  1.00048 0.982829
-0.0416346 -0.0702291 -0.0879977  1.0005 0.98258
-0.0422686 -0.0712727 -0.0892668  1.00051 0.982329
-0.0429081 -0.0723245 -0.0905448  1.00053 0.982076
-0.0435398 -0.0733627 -0.0918052  1.00054 0.981827
-0.0441899 -0.0744305 -0.0931005  1.00056 0.981572
-0.0448454 -0.0755066 -0.0944047  1.00057 0.981314
-0.0455064 -0.0765909 -0.0957176  1.00059 0.981054
-0.0461727 -0.0776833 -0.0970393  1.00061 0.980793
-0.0468446 -0.0787839 -0.0983696  1.00062 0.98053
-0.0475221 -0.0798928 -0.0997088  1.00064 0.980266
-0.0482047 -0.0810099 -0.101057  1.00066 0.979999
-0.0488933 -0.0821352 -0.102413  1.00068 0.979732
-0.0495727 -0.0832456 -0.103751  1.00069 0.979467
-0.0502721 -0.0843874 -0.105124  1.00071 0.979196
-0.0509772 -0.0855373 -0.106507  1.00073 0.978923
-0.0516876 -0.0866956 -0.107898  1.00075 0.978648
-0.0524036 -0.0878623 -0.109298  1.00077 0.978372
-0.0531254 -0.0890372 -0.110707  1.00079 0.978094
-0.0538529 -0.0902205 -0.112124  1.00081 0.977814
-0.0545857 -0.0914122 -0.11355  1.00083 0.977532
-0.0553094 -0.0925876 -0.114955  1.00085 0.977255
-0.0560537 -0.0937959 -0.116398  1.00088 0.97697
-0.0568038 -0.0950126 -0.11785  1.0009 0.976684
-0.0575593 -0.0962376 -0.11931  1.00092 0.976396
-0.0583208 -0.0974711 -0.120779  1.00094 0.976106
-0.0590881 -0.0987131 -0.122256  1.00097 0.975814
-0.0598611 -0.0999635 -0.123743  1.00099 0.975521
-0.0606401 -0.101222 -0.125237  1.00101 0.975226
-0.0614087 -0.102464 -0.12671  1.00104 0.974935
-0.0621991 -0.10374 -0.128222  1.00106 0.974637
-0.0629954 -0.105024 -0.129742  1.00109 0.974337
-0.0637975 -0.106317 -0.131271  1.00112 0.974036
-0.0646056 -0.107618 -0.132808  1.00114 0.973732
-0.0654196 -0.108928 -0.134354  1.00117 0.973428
-0.0662395 -0.110246 -0.135908  1.0012 0.973121
-0.0670654 -0.111574 -0.137471  1.00122 0.972813
-0.0678802 -0.112882 -0.139011  1.00125 0.972509
-0.068718 -0.114226 -0.14059  1.00128 0.972198
-0.0695616 -0.115579 -0.142179  1.00131 0.971885
-0.0704115 -0.11694 -0.143776  1.00134 0.97157
-0.0712676 -0.118311 -0.145381  1.00137 0.971253
-0.0721293 -0.11969 -0.146995  1.0014 0.970935
-0.0729976 -0.121077 -0.148617  1.00143 0.970616
-0.0738716 -0.122474 -0.150248  1.00147 0.970294
-0.074734 -0.12385 -0.151853  1.0015 0.969978
-0.0756203 -0.125264 -0.1535  1.00153 0.969653
-0.076513 -0.126686 -0.155156  1.00156 0.969327
-0.0774118 -0.128118 -0.156821  1.0016 0.968999
-0.0783169 -0.129558 -0.158493  1.00163 0.96867
-0.079228 -0.131007 -0.160174  1.00167 0.968339
-0.0801457 -0.132465 -0.161864  1.0017 0.968006
-0.0810694 -0.133931 -0.163562  1.00174 0.967672
-0.0819805 -0.135377 -0.165233  1.00178 0.967343
-0.0829169 -0.136861 -0.166947  1.00181 0.967005
-0.0838597 -0.138354 -0.16867  1.00185 0.966666
-0.0848086 -0.139857 -0.170401  1.00189 0.966326
-0.0857643 -0.141368 -0.172141  1.00193 0.965983
-0.0867262 -0.142888 -0.173888  1.00197 0.965639
-0.0876945 -0.144417 -0.175644  1.00201 0.965294
-0.0886694 -0.145955 -0.177409  1.00205 0.964947
-0.0896307 -0.147471 -0.179145  1.00209 0.964605
-0.0906184 -0.149027 -0.180926  1.00213 0.964254
-0.0916127 -0.150593 -0.182715  1.00218 0.963903
-0.0926136 -0.152167 -0.184513  1.00222 0.963549
-0.0936208 -0.15375 -0.186319  1.00226 0.963194
-0.094635 -0.155343 -0.188133  1.00231 0.962838
-0.0956557 -0.156945 -0.189955  1.00235 0.962479
-0.096683 -0.158556 -0.191785  1.0024 0.962119
-0.0976959 -0.160143 -0.193586  1.00245 0.961766
-0.0987364 -0.161772 -0.195433  1.00249 0.961402
-0.0997837 -0.16341 -0.197288  1.00254 0.961038
-0.100838 -0.165058 -0.199151  1.00259 0.960672
-0.101898 -0.166715 -0.201023  1.00264 0.960304
-0.102966 -0.168381 -0.202903  1.00269 0.959935
-0.10404 -0.170057 -0.20479  1.00274 0.959564
-0.105122 -0.171742 -0.206686  1.00279 0.959192
-0.106188 -0.173402 -0.208552  1.00285 0.958826
-0.107282 -0.175105 -0.210464  1.0029 0.958451
-0.108384 -0.176818 -0.212384  1.00295 0.958073
-0.109493 -0.178541 -0.214312  1.00301 0.957695
-0.110608 -0.180273 -0.216249  1.00306 0.957315
-0.111731 -0.182014 -0.218194  1.00312 0.956933
-0.112861 -0.183765 -0.220147  1.00318 0.956551
-0.113998 -0.185525 -0.222108  1.00323 0.956166
-0.115118 -0.187259 -0.224036  1.00329 0.955788
-0.116268 -0.189038 -0.226013  1.00335 0.9554
-0.117426 -0.190827 -0.227998  1.00341 0.955011
-0.118591 -0.192625 -0.229991  1.00347 0.95462
-0.119763 -0.194433 -0.231993  1.00353 0.954228
-0.120943 -0.196251 -0.234002  1.0036 0.953834
-0.122129 -0.198078 -0.236019  1.00366 0.953438
-0.123323 -0.199915 -0.238045  1.00372 0.953042
-0.1245 -0.201724 -0.240036  1.00379 0.952652
-0.125708 -0.203581 -0.242078  1.00385 0.952252
-0.126923 -0.205447 -0.244127  1.00392 0.951851
-0.128146 -0.207323 -0.246184  1.00399 0.951448
-0.129376 -0.209209 -0.24825  1.00405 0.951043
-0.130614 -0.211104 -0.250323  1.00412 0.950638
-0.131859 -0.21301 -0.252404  1.00419 0.95023
-0.133111 -0.214925 -0.254493  1.00426 0.949822
-0.134346 -0.216811 -0.256548  1.00434 0.94942
-0.135613 -0.218746 -0.258653  1.00441 0.949008
-0.136888 -0.220691 -0.260766  1.00448 0.948595
-0.13817 -0.222646 -0.262886  1.00456 0.94818
-0.13946 -0.224611 -0.265015  1.00463 0.947764
-0.140758 -0.226586 -0.267152  1.00471 0.947346
-0.142063 -0.228571 -0.269297  1.00479 0.946927
-0.143376 -0.230566 -0.27145  1.00486 0.946507
-0.144669 -0.232531 -0.273566  1.00494 0.946093
-0.145997 -0.234546 -0.275734  1.00502 0.94567
-0.147333 -0.236571 -0.27791  1.0051 0.945245
-0.148677 -0.238607 -0.280094  1.00519 0.944819
-0.150029 -0.240652 -0.282286  1.00527 0.944391
-0.151388 -0.242708 -0.284486  1.00535 0.943962
-0.152755 -0.244775 -0.286694  1.00544 0.943531
-0.15413 -0.246851 -0.288909  1.00552 0.943098
-0.155485 -0.248896 -0.291087  1.00561 0.942674
-0.156875 -0.250993 -0.293318  1.0057 0.942239
-0.158274 -0.2531 -0.295557  1.00579 0.941803
-0.159681 -0.255218 -0.297804  1.00588 0.941364
-0.161095 -0.257346 -0.300058  1.00597 0.940925
-0.162518 -0.259485 -0.302321  1.00606 0.940485
-0.163949 -0.261634 -0.304591  1.00615 0.940042
-0.165388 -0.263794 -0.306869  1.00625 0.939599
-0.166806 -0.26592 -0.309108  1.00634 0.939162
-0.168261 -0.2681 -0.311401  1.00644 0.938716
-0.169724 -0.270291 -0.313702  1.00654 0.938269
-0.171196 -0.272493 -0.316011  1.00663 0.93782
-0.172676 -0.274706 -0.318328  1.00673 0.937369
-0.174164 -0.276929 -0.320652  1.00684 0.936917
-0.17566 -0.279163 -0.322985  1.00694 0.936464
-0.177165 -0.281408 -0.325325  1.00704 0.936009
-0.178647 -0.283617 -0.327624  1.00714 0.935562
-0.180169 -0.285883 -0.329979  1.00725 0.935104
-0.181699 -0.28816 -0.332342  1.00736 0.934646
-0.183238 -0.290447 -0.334713  1.00746 0.934185
-0.184784 -0.292746 -0.337092  1.00757 0.933724
-0.18634 -0.295055 -0.339478  1.00768 0.933261
-0.187904 -0.297376 -0.341872  1.0078 0.932796
-0.189477 -0.299707 -0.344273  1.00791 0.93233
-0.191025 -0.302002 -0.346633  1.00802 0.931873
-0.192615 -0.304355 -0.34905  1.00813 0.931405
-0.194214 -0.306719 -0.351474  1.00825 0.930935
-0.195821 -0.309095 -0.353906  1.00837 0.930464
-0.197437 -0.311481 -0.356346  1.00849 0.929991
-0.199062 -0.313879 -0.358794  1.00861 0.929517
-0.200695 -0.316288 -0.361249  1.00873 0.929042
-0.202338 -0.318708 -0.363711  1.00885 0.928565
-0.203955 -0.32109 -0.366131  1.00897 0.928097
-0.205615 -0.323533 -0.368609  1.0091 0.927618
-0.207284 -0.325986 -0.371095  1.00922 0.927137
-0.208962 -0.328452 -0.373588  1.00935 0.926655
-0.210649 -0.330928 -0.376089  1.00948 0.926172
-0.212345 -0.333416 -0.378597  1.00961 0.925688
-0.21405 -0.335916 -0.381113  1.00974 0.925202
-0.215764 -0.338427 -0.383637  1.00988 0.924715
-0.217488 -0.340949 -0.386168  1.01001 0.924227
-0.219185 -0.343431 -0.388655  1.01015 0.923747
-0.220926 -0.345977 -0.391201  1.01028 0.923256
-0.222677 -0.348534 -0.393755  1.01042 0.922763
-0.224438 -0.351102 -0.396317  1.01056 0.92227
-0.226207 -0.353683 -0.398886  1.0107 0.921775
-0.227986 -0.356275 -0.401463  1.01085 0.921279
-0.229774 -0.358879 -0.404047  1.01099 0.920782
-0.231572 -0.361495 -0.406639  1.01114 0.920282
-0.233342 -0.364068 -0.409185  1.01128 0.919792
-0.235158 -0.366708 -0.411792  1.01143 0.919291
-0.236984 -0.369359 -0.414407  1.01158 0.918789
-0.238819 -0.372022 -0.417029  1.01173 0.918285
-0.240665 -0.374697 -0.419658  1.01188 0.91778
-0.242519 -0.377384 -0.422295  1.01204 0.917273
-0.244383 -0.380083 -0.42494  1.0122 0.916766
-0.246257 -0.382794 -0.427592  1.01235 0.916257
-0.248103 -0.385461 -0.430198  1.01251 0.915757
-0.249996 -0.388197 -0.432865  1.01267 0.915246
-0.251899 -0.390944 -0.43554  1.01283 0.914733
-0.253812 -0.393704 -0.438222  1.013 0.914219
-0.255735 -0.396476 -0.440912  1.01316 0.913705
-0.257668 -0.39926 -0.443609  1.01333 0.913188
-0.259611 -0.402057 -0.446314  1.0135 0.912671
-0.261564 -0.404865 -0.449027  1.01367 0.912152
-0.263486 -0.407629 -0.451691  1.01384 0.911643
-0.265459 -0.410463 -0.454418  1.01401 0.911122
-0.267442 -0.413309 -0.457153  1.01418 0.910599
-0.269435 -0.416168 -0.459896  1.01436 0.910076
-0.271438 -0.419039 -0.462646  1.01454 0.909551
-0.273451 -0.421923 -0.465404  1.01472 0.909025
-0.275474 -0.424819 -0.468169  1.0149 0.908498
-0.277509 -0.427729 -0.470941  1.01509 0.90797
-0.279511 -0.430591 -0.473665  1.01527 0.907451
-0.281565 -0.433525 -0.476452  1.01545 0.90692
-0.28363 -0.436473 -0.479248  1.01564 0.906388
-0.285705 -0.439433 -0.48205  1.01583 0.905855
-0.287791 -0.442406 -0.48486  1.01603 0.905321
-0.289887 -0.445392 -0.487678  1.01622 0.904785
-0.291994 -0.448392 -0.490503  1.01641 0.904249
-0.294111 -0.451404 -0.493336  1.01661 0.903711
-0.296196 -0.454367 -0.496118  1.01681 0.903183
-0.298334 -0.457405 -0.498966  1.01701 0.902643
-0.300484 -0.460456 -0.501821  1.01721 0.902102
-0.302643 -0.463521 -0.504684  1.01742 0.90156
-0.304814 -0.466599 -0.507554  1.01762 0.901016
-0.306996 -0.46969 -0.510432  1.01783 0.900472
-0.309189 -0.472794 -0.513318  1.01804 0.899926
-0.311392 -0.475912 -0.51621  1.01825 0.899379
-0.313561 -0.478979 -0.519052  1.01846 0.898843
-0.315786 -0.482123 -0.521959  1.01868 0.898294
-0.318023 -0.485281 -0.524875  1.0189 0.897743
-0.32027 -0.488453 -0.527798  1.01912 0.897192
-0.322528 -0.491638 -0.530729  1.01934 0.896639
-0.324798 -0.494837 -0.533667  1.01956 0.896086
-0.327079 -0.498049 -0.536613  1.01979 0.895531
-0.329371 -0.501275 -0.539566  1.02002 0.894976
-0.331628 -0.504449 -0.542466  1.02024 0.89443
-0.333942 -0.507703 -0.545435  1.02047 0.893872
-0.336268 -0.51097 -0.548411  1.02071 0.893313
-0.338606 -0.514252 -0.551395  1.02094 0.892753
-0.340955 -0.517547 -0.554385  1.02118 0.892192
-0.343315 -0.520856 -0.557384  1.02142 0.89163
-0.345687 -0.52418 -0.56039  1.02166 0.891067
-0.348071 -0.527517 -0.563405  1.02191 0.890502
-0.350417 -0.530801 -0.566364  1.02215 0.889948
-0.352824 -0.534167 -0.569393  1.0224 0.889382
-0.355242 -0.537547 -0.57243  1.02265 0.888815
-0.357672 -0.540941 -0.575475  1.0229 0.888246
-0.360114 -0.54435 -0.578526  1.02316 0.887676
-0.362568 -0.547773 -0.581586  1.02341 0.887106
-0.365034 -0.551211 -0.584653  1.02367 0.886534
-0.367512 -0.554663 -0.587728  1.02393 0.885962
-0.369951 -0.558059 -0.590748  1.02419 0.8854
-0.372453 -0.56154 -0.593838  1.02446 0.884825
-0.374967 -0.565036 -0.596936  1.02472 0.884249
-0.377493 -0.568546 -0.600042  1.025 0.883673
-0.380031 -0.572072 -0.603155  1.02527 0.883094
-0.382581 -0.575612 -0.606276  1.02554 0.882516
-0.385144 -0.579167 -0.609405  1.02582 0.881936
-0.387719 -0.582737 -0.612541  1.0261 0.881355
-0.390254 -0.586249 -0.615621  1.02638 0.880786
-0.392854 -0.589849 -0.618772  1.02666 0.880203
-0.395466 -0.593464 -0.621932  1.02695 0.879619
-0.398091 -0.597094 -0.6251  1.02724 0.879035
-0.400728 -0.60074 -0.628275  1.02753 0.878449
-0.403378 -0.6044 -0.631458  1.02782 0.877862
-0.406041 -0.608077 -0.634648  1.02812 0.877275
-0.408717 -0.611768 -0.637847  1.02842 0.876687
-0.41135 -0.615399 -0.640988  1.02871 0.876109
-0.414051 -0.619121 -0.644202  1.02901 0.875519
-0.416765 -0.622859 -0.647424  1.02932 0.874927
-0.419492 -0.626613 -0.650654  1.02963 0.874335
-0.422231 -0.630382 -0.653892  1.02994 0.873741
-0.424984 -0.634166 -0.657137  1.03025 0.873147
-0.42775 -0.637967 -0.66039  1.03057 0.872552
-0.430529 -0.641784 -0.663652  1.03089 0.871956
-0.433264 -0.645538 -0.666854  1.0312 0.871372
-0.43607 -0.649386 -0.670131  1.03153 0.870774
-0.438888 -0.65325 -0.673416  1.03186 0.870175
-0.44172 -0.65713 -0.676709  1.03218 0.869575
-0.444566 -0.661027 -0.680011  1.03252 0.868975
-0.447425 -0.664939 -0.68332  1.03285 0.868373
-0.450297 -0.668869 -0.686637  1.03319 0.867771
-0.453183 -0.672815 -0.689962  1.03353 0.867167
-0.456023 -0.676695 -0.693227  1.03386 0.866576
-0.458937 -0.680673 -0.696568  1.03421 0.865971
-0.461864 -0.684668 -0.699917  1.03456 0.865365
-0.464804 -0.688679 -0.703275  1.03491 0.864759
-0.467759 -0.692707 -0.70664  1.03526 0.864151
-0.470728 -0.696752 -0.710014  1.03562 0.863543
-0.47371 -0.700813 -0.713396  1.03598 0.862933
-0.476707 -0.704892 -0.716786  1.03634 0.862323
-0.479656 -0.708903 -0.720115  1.0367 0.861725
-0.482681 -0.713015 -0.723521  1.03707 0.861113
-0.485719 -0.717144 -0.726936  1.03744 0.8605
-0.488772 -0.721291 -0.730359  1.03782 0.859887
-0.49184 -0.725455 -0.73379  1.03819 0.859273
-0.494922 -0.729635 -0.73723  1.03857 0.858657
-0.498018 -0.733834 -0.740678  1.03896 0.858041
-0.501129 -0.738049 -0.744134  1.03934 0.857425
-0.504191 -0.742196 -0.747527  1.03972 0.85682
-0.507331 -0.746447 -0.751  1.04012 0.856202
-0.510485 -0.750715 -0.754482  1.04051 0.855582
-0.513655 -0.755001 -0.757972  1.04091 0.854963
-0.516838 -0.759305 -0.761469  1.04131 0.854342
-0.520037 -0.763626 -0.764976  1.04172 0.853721
-0.523251 -0.767966 -0.768492  1.04213 0.853099
-0.526481 -0.772324 -0.772016  1.04254 0.852475
-0.529659 -0.77661 -0.775476  1.04294 0.851865
-0.532917 -0.781004 -0.779017  1.04336 0.85124
-0.536192 -0.785416 -0.782566  1.04378 0.850615
-0.539481 -0.789846 -0.786125  1.04421 0.849989
-0.542786 -0.794295 -0.789692  1.04463 0.849362
-0.546106 -0.798762 -0.793267  1.04506 0.848735
-0.549443 -0.803248 -0.796852  1.0455 0.848106
-0.552794 -0.807752 -0.800445  1.04594 0.847477
-0.556092 -0.812183 -0.803973  1.04637 0.84686
-0.559474 -0.816724 -0.807584  1.04681 0.84623
-0.562873 -0.821285 -0.811203  1.04726 0.845599
-0.566287 -0.825865 -0.814832  1.04771 0.844967
-0.569717 -0.830463 -0.818469  1.04817 0.844335
-0.573163 -0.835081 -0.822116  1.04863 0.843702
-0.576625 -0.839718 -0.825771  1.04909 0.843068
-0.580103 -0.844375 -0.829436  1.04955 0.842433
-0.583597 -0.849051 -0.83311  1.05002 0.841798
-0.587036 -0.85365 -0.836717  1.05049 0.841175
-0.590563 -0.858365 -0.840409  1.05096 0.840538
-0.594106 -0.863099 -0.84411  1.05144 0.839901
-0.597666 -0.867853 -0.84782  1.05193 0.839263
-0.601241 -0.872627 -0.851539  1.05241 0.838625
-0.604834 -0.877421 -0.855268  1.05291 0.837986
-0.608444 -0.882235 -0.859007  1.0534 0.837346
-0.612071 -0.887069 -0.862754  1.0539 0.836705
-0.615639 -0.891824 -0.866434  1.05439 0.836077
-0.619299 -0.896698 -0.8702  1.0549 0.835436
-0.622976 -0.901593 -0.873976  1.05541 0.834793
-0.62667 -0.906508 -0.877761  1.05592 0.83415
-0.630381 -0.911444 -0.881556  1.05644 0.833506
-0.634109 -0.916401 -0.885361  1.05696 0.832862
-0.637855 -0.921378 -0.889175  1.05749 0.832217
-0.641618 -0.926376 -0.892999  1.05802 0.831572
-0.645322 -0.931293 -0.896755  1.05854 0.830939
-0.64912 -0.936333 -0.900598  1.05908 0.830293
-0.652936 -0.941394 -0.904451  1.05963 0.829646
-0.65677 -0.946477 -0.908315  1.06017 0.828998
-0.660621 -0.951581 -0.912188  1.06072 0.828349
-0.66449 -0.956706 -0.916071  1.06128 0.827701
-0.668378 -0.961853 -0.919964  1.06184 0.827051
-0.672283 -0.967022 -0.923867  1.0624 0.826401
-0.676127 -0.972106 -0.927701  1.06296 0.825764
-0.680068 -0.977319 -0.931625  1.06353 0.825113
-0.684029 -0.982553 -0.935558  1.06411 0.824462
-0.688007 -0.987809 -0.939503  1.06469 0.823809
-0.692005 -0.993088 -0.943457  1.06528 0.823157
-0.69602 -0.998389 -0.947422  1.06587 0.822504
-0.700055 -1.00371 -0.951398  1.06646 0.82185
-0.704108 -1.00906 -0.955384  1.06706 0.821196
-0.708098 -1.01432 -0.959299  1.06765 0.820555
-0.712189 -1.01971 -0.963306  1.06826 0.819899
-0.716299 -1.02512 -0.967324  1.06887 0.819244
-0.720428 -1.03056 -0.971353  1.06949 0.818587
-0.724577 -1.03602 -0.975393  1.07011 0.817931
-0.728746 -1.04151 -0.979443  1.07074 0.817274
-0.732934 -1.04701 -0.983505  1.07137 0.816616
-0.737141 -1.05254 -0.987577  1.07201 0.815958
-0.741282 -1.05799 -0.991577  1.07264 0.815313
-0.745529 -1.06356 -0.995672  1.07329 0.814655
-0.749795 -1.06917 -0.999778  1.07394 0.813995
-0.754082 -1.07479 -1.0039  1.0746 0.813335
-0.758389 -1.08044 -1.00802  1.07526 0.812675
-0.762716 -1.08612 -1.01216  1.07592 0.812015
-0.767063 -1.09182 -1.01632  1.0766 0.811354
-0.771431 -1.09754 -1.02048  1.07727 0.810692
-0.77573 -1.10317 -1.02457  1.07794 0.810044
-0.780139 -1.10894 -1.02875  1.07863 0.809381
-0.784568 -1.11474 -1.03295  1.07932 0.808719
-0.789019 -1.12056 -1.03716  1.08002 0.808056
-0.79349 -1.12641 -1.04139  1.08072 0.807392
-0.797983 -1.13229 -1.04562  1.08143 0.806729
-0.802498 -1.13819 -1.04987  1.08215 0.806064
-0.807033 -1.14411 -1.05412  1.08287 0.8054
-0.811497 -1.14994 -1.05831  1.08358 0.804748
-0.816075 -1.15592 -1.06259  1.08431 0.804083
-0.820675 -1.16192 -1.06689  1.08505 0.803418
-0.825297 -1.16795 -1.0712  1.08579 0.802752
-0.829941 -1.174 -1.07552  1.08654 0.802085
-0.834606 -1.18009 -1.07985  1.08729 0.801419
-0.839295 -1.18619 -1.0842  1.08805 0.800752
-0.844005 -1.19233 -1.08856  1.08882 0.800085
-0.848642 -1.19837 -1.09284  1.08957 0.799431
-0.853397 -1.20456 -1.09722  1.09035 0.798763
-0.858174 -1.21077 -1.10162  1.09114 0.798095
-0.862975 -1.21702 -1.10603  1.09193 0.797426
-0.8678 -1.22329 -1.11046  1.09272 0.796757
-0.872647 -1.22959 -1.1149  1.09352 0.796088
-0.877517 -1.23592 -1.11935  1.09433 0.795419
-0.882411 -1.24228 -1.12382  1.09515 0.794749
-0.887227 -1.24853 -1.12821  1.09595 0.794093
-0.892168 -1.25494 -1.1327  1.09678 0.793423
-0.897133 -1.26139 -1.13721  1.09761 0.792753
-0.902121 -1.26786 -1.14173  1.09845 0.792082
-0.907134 -1.27436 -1.14626  1.0993 0.791411
-0.91217 -1.28089 -1.15082  1.10015 0.79074
-0.917232 -1.28744 -1.15538  1.10101 0.790069
-0.922318 -1.29403 -1.15996  1.10188 0.789398
-0.927324 -1.30052 -1.16446  1.10274 0.78874
-0.932459 -1.30716 -1.16907  1.10362 0.788068
-0.93762 -1.31384 -1.17369  1.10451 0.787396
-0.942805 -1.32055 -1.17833  1.1054 0.786723
-0.948015 -1.32729 -1.18299  1.1063 0.786051
-0.953252 -1.33406 -1.18766  1.10721 0.785378
-0.958514 -1.34086 -1.19234  1.10813 0.784705
-0.963802 -1.34769 -1.19704  1.10905 0.784032
-0.969008 -1.35442 -1.20166  1.10996 0.783373
-0.974347 -1.36131 -1.20639  1.1109 0.7827
-0.979713 -1.36824 -1.21114  1.11185 0.782026
-0.985106 -1.3752 -1.21591  1.1128 0.781353
-0.990525 -1.38219 -1.22069  1.11376 0.780679
-0.995971 -1.38922 -1.22548  1.11473 0.780005
-1.00144 -1.39627 -1.2303  1.11571 0.779332
-1.00694 -1.40336 -1.23513  1.11669 0.778657
-1.01236 -1.41034 -1.23988  1.11766 0.777997
-1.01792 -1.4175 -1.24474  1.11867 0.777322
-1.0235 -1.42469 -1.24962  1.11967 0.776648
-1.02911 -1.43191 -1.25452  1.12069 0.775973
-1.03475 -1.43917 -1.25944  1.12171 0.775299
-1.04042 -1.44647 -1.26437  1.12275 0.774624
-1.04611 -1.45379 -1.26932  1.12379 0.773949
-1.05184 -1.46116 -1.27429  1.12484 0.773275
-1.05747 -1.4684 -1.27918  1.12588 0.772614
-1.06326 -1.47584 -1.28419  1.12694 0.771939
-1.06907 -1.4833 -1.28921  1.12802 0.771264
-1.07491 -1.49081 -1.29425  1.1291 0.770589
-1.08078 -1.49835 -1.29932  1.1302 0.769914
-1.08668 -1.50593 -1.3044  1.1313 0.769239
-1.09261 -1.51354 -1.3095  1.13241 0.768564
-1.09858 -1.52119 -1.31462  1.13353 0.767889
-1.10445 -1.52872 -1.31965  1.13464 0.767228
-1.11047 -1.53645 -1.32481  1.13578 0.766554
-1.11652 -1.54421 -1.32999  1.13693 0.765878
-1.12261 -1.55202 -1.33519  1.13809 0.765204
-1.12873 -1.55986 -1.34041  1.13926 0.764529
-1.13488 -1.56774 -1.34566  1.14044 0.763854
-1.14106 -1.57566 -1.35092  1.14162 0.763179
-1.14727 -1.58362 -1.3562  1.14282 0.762504
-1.15339 -1.59145 -1.3614  1.14401 0.761844
-1.15967 -1.59949 -1.36672  1.14523 0.761169
-1.16598 -1.60757 -1.37207  1.14645 0.760494
-1.17233 -1.61569 -1.37744  1.14769 0.75982
-1.17871 -1.62385 -1.38283  1.14894 0.759145
-1.18512 -1.63205 -1.38825  1.1502 0.758471
-1.19157 -1.6403 -1.39369  1.15148 0.757797
-1.19805 -1.64858 -1.39915  1.15276 0.757123
-1.20443 -1.65674 -1.40452  1.15403 0.756463
-1.21098 -1.66511 -1.41002  1.15533 0.75579
-1.21757 -1.67353 -1.41555  1.15665 0.755116
-1.22419 -1.68199 -1.42111  1.15797 0.754442
-1.23085 -1.69049 -1.42669  1.15931 0.753769
-1.23754 -1.69903 -1.43229  1.16066 0.753096
-1.24427 -1.70763 -1.43792  1.16203 0.752423
-1.25104 -1.71627 -1.44358  1.1634 0.75175
-1.2577 -1.72477 -1.44914  1.16476 0.751091
-1.26454 -1.7335 -1.45484  1.16616 0.750419
-1.27142 -1.74227 -1.46058  1.16757 0.749747
-1.27834 -1.7511 -1.46633  1.16899 0.749075
-1.2853 -1.75997 -1.47212  1.17043 0.748403
-1.29229 -1.76888 -1.47793  1.17188 0.747732
-1.29932 -1.77785 -1.48377  1.17334 0.74706
-1.3064 -1.78686 -1.48963  1.17482 0.746389
-1.31336 -1.79574 -1.49541  1.17628 0.745732
-1.32052 -1.80485 -1.50133  1.17778 0.745062
-1.32771 -1.81402 -1.50728  1.17929 0.744392
-1.33494 -1.82323 -1.51326  1.18083 0.743721
-1.34222 -1.8325 -1.51927  1.18237 0.743052
-1.34954 -1.84181 -1.52531  1.18393 0.742382
-1.3569 -1.85118 -1.53138  1.1855 0.741713
-1.3643 -1.8606 -1.53748  1.18709 0.741044
-1.37174 -1.87008 -1.54361  1.18869 0.740376
-1.37908 -1.87941 -1.54964  1.19027 0.739721
-1.38661 -1.88899 -1.55584  1.19191 0.739054
-1.39419 -1.89863 -1.56206  1.19355 0.738387
-1.40181 -1.90832 -1.56832  1.19522 0.737719
-1.40947 -1.91807 -1.57461  1.1969 0.737053
-1.41718 -1.92788 -1.58094  1.19859 0.736387
-1.42494 -1.93774 -1.5873  1.2003 0.735721
-1.43275 -1.94766 -1.59369  1.20203 0.735055
-1.44044 -1.95744 -1.59998  1.20374 0.734404
-1.44833 -1.96747 -1.60645  1.2055 0.733739
-1.45628 -1.97757 -1.61295  1.20728 0.733075
-1.46427 -1.98773 -1.61948  1.20907 0.732411
-1.47232 -1.99795 -1.62605  1.21088 0.731748
-1.48041 -2.00823 -1.63266  1.21272 0.731086
-1.48855 -2.01857 -1.63931  1.21456 0.730423
-1.49674 -2.02898 -1.64599  1.21643 0.729762
-1.50482 -2.03923 -1.65258  1.21828 0.729114
-1.51311 -2.04977 -1.65934  1.22018 0.728453
-1.52146 -2.06037 -1.66614  1.22211 0.727793
-1.52986 -2.07104 -1.67299  1.22405 0.727133
-1.53832 -2.08177 -1.67987  1.22601 0.726474
-1.54683 -2.09257 -1.6868  1.228 0.725816
-1.55539 -2.10344 -1.69377  1.23 0.725158
-1.56401 -2.11438 -1.70078  1.23202 0.7245
-1.5725 -2.12516 -1.70769  1.23403 0.723857
-1.58123 -2.13625 -1.71479  1.23609 0.723201
-1.59002 -2.1474 -1.72193  1.23818 0.722546
-1.59887 -2.15862 -1.72912  1.24029 0.721891
-1.60777 -2.16992 -1.73636  1.24242 0.721237
-1.61674 -2.1813 -1.74364  1.24458 0.720583
-1.62576 -2.19275 -1.75097  1.24676 0.71993
-1.63485 -2.20428 -1.75835  1.24896 0.719278
-1.64381 -2.21565 -1.76563  1.25114 0.71864
-1.65301 -2.22733 -1.77311  1.25339 0.71799
-1.66229 -2.2391 -1.78064  1.25566 0.71734
-1.67162 -2.25094 -1.78822  1.25796 0.716691
-1.68102 -2.26287 -1.79586  1.26028 0.716043
-1.69049 -2.27488 -1.80354  1.26263 0.715395
-1.70002 -2.28698 -1.81129  1.26501 0.714748
-1.70963 -2.29916 -1.81909  1.26741 0.714103
-1.7191 -2.31118 -1.82678  1.26979 0.713471
-1.72884 -2.32353 -1.83469  1.27225 0.712827
-1.73865 -2.33598 -1.84266  1.27473 0.712184
-1.74853 -2.34851 -1.85069  1.27725 0.711542
-1.75848 -2.36114 -1.85877  1.27979 0.710901
-1.76851 -2.37386 -1.86692  1.28236 0.71026
-1.77861 -2.38668 -1.87513  1.28497 0.709621
-1.78878 -2.3996 -1.88341  1.2876 0.708983
-1.79883 -2.41234 -1.89158  1.29021 0.708359
-1.80916 -2.42545 -1.89999  1.29291 0.707723
-1.81957 -2.43866 -1.90846  1.29564 0.707087
-1.83006 -2.45198 -1.917  1.2984 0.706454
-1.84063 -2.46539 -1.92561  1.3012 0.705821
-1.85128 -2.47892 -1.93429  1.30403 0.705189
-1.86202 -2.49255 -1.94304  1.30689 0.704559
-1.87284 -2.50629 -1.95187  1.3098 0.703929
-1.88353 -2.51986 -1.96059  1.31267 0.703314
-1.89453 -2.53383 -1.96956  1.31565 0.702688
-1.90561 -2.54791 -1.97862  1.31866 0.702062
-1.91679 -2.5621 -1.98775  1.32172 0.701438
-1.92806 -2.57642 -1.99696  1.32481 0.700816
-1.93943 -2.59086 -2.00626  1.32794 0.700194
-1.95089 -2.60542 -2.01564  1.33111 0.699574
-1.96245 -2.62011 -2.02511  1.33433 0.698956
-1.97387 -2.63462 -2.03447  1.33752 0.698352
-1.98563 -2.64956 -2.04411  1.34082 0.697736
-1.99748 -2.66464 -2.05385  1.34417 0.697123
-2.00945 -2.67985 -2.06368  1.34757 0.696511
-2.02152 -2.6952 -2.0736  1.35101 0.695901
-2.0337 -2.71069 -2.08362  1.35449 0.695292
-2.04599 -2.72632 -2.09374  1.35803 0.694685
-2.05839 -2.74211 -2.10396  1.36162 0.69408
-2.07065 -2.75771 -2.11408  1.36519 0.693489
-2.08329 -2.77379 -2.12451  1.36888 0.692888
-2.09604 -2.79002 -2.13505  1.37262 0.692289
-2.10891 -2.80641 -2.1457  1.37643 0.691691
-2.12191 -2.82297 -2.15647  1.38028 0.691096
-2.13504 -2.83968 -2.16735  1.3842 0.690503
-2.14829 -2.85657 -2.17835  1.38818 0.689913
-2.16168 -2.87363 -2.18947  1.39221 0.689324
-2.17492 -2.89052 -2.20049  1.39623 0.68875
-2.18858 -2.90793 -2.21186  1.40039 0.688167
-2.20238 -2.92553 -2.22337  1.40462 0.687585
-2.21632 -2.94332 -2.23501  1.40892 0.687007
-2.23041 -2.9613 -2.24679  1.41329 0.686431
-2.24465 -2.97947 -2.25871  1.41772 0.685858
-2.25905 -2.99785 -2.27078  1.42224 0.685288
-2.2736 -3.01644 -2.28299  1.42682 0.684721
-2.28801 -3.03485 -2.29511  1.43139 0.684168
-2.30289 -3.05386 -2.30763  1.43614 0.683607
-2.31794 -3.0731 -2.32031  1.44096 0.683049
-2.33316 -3.09256 -2.33316  1.44588 0.682495
-2.34856 -3.11226 -2.34619  1.45087 0.681944
-2.36414 -3.1322 -2.35938  1.45596 0.681396
-2.37991 -3.15238 -2.37276  1.46115 0.680853
-2.39587 -3.17282 -2.38632  1.46642 0.680313
-2.4117 -3.1931 -2.3998  1.47169 0.679789
-2.42806 -3.21407 -2.41375  1.47716 0.679257
-2.44463 -3.2353 -2.4279  1.48275 0.678731
-2.46141 -3.25683 -2.44226  1.48844 0.678208
-2.47841 -3.27865 -2.45684  1.49424 0.67769
-2.49565 -3.30077 -2.47164  1.50016 0.677178
-2.51311 -3.32319 -2.48667  1.5062 0.67667
-2.53082 -3.34594 -2.50194  1.51237 0.676168
-2.5484 -3.36854 -2.51714  1.51853 0.675682
-2.56661 -3.39196 -2.5329  1.52496 0.675191
-2.58508 -3.41572 -2.54893  1.53152 0.674706
-2.60383 -3.43985 -2.56522  1.53823 0.674228
-2.62286 -3.46435 -2.5818  1.54509 0.673757
-2.64217 -3.48924 -2.59867  1.55211 0.673292
-2.6618 -3.51454 -2.61585  1.55928 0.672836
-2.68173 -3.54025 -2.63334  1.56663 0.672386
-2.70157 -3.56585 -2.65079  1.574 0.671954
-2.72216 -3.59243 -2.66893  1.5817 0.671521
-2.7431 -3.61948 -2.68743  1.58959 0.671097
-2.76439 -3.64701 -2.7063  1.59769 0.670683
-2.78607 -3.67504 -2.72554  1.60599 0.670279
-2.80813 -3.70359 -2.74518  1.61451 0.669885
-2.8306 -3.73269 -2.76524  1.62326 0.669502
-2.85349 -3.76235 -2.78573  1.63225 0.669132
-2.87635 -3.79198 -2.80624  1.6413 0.668781
-2.90014 -3.82284 -2.82765  1.6508 0.668435
-2.9244 -3.85435 -2.84955  1.66057 0.668104
-2.94918 -3.88653 -2.87198  1.67064 0.667787
-2.97448 -3.91942 -2.89494  1.68102 0.667487
-3.00033 -3.95305 -2.91848  1.69173 0.667203
-3.02676 -3.98746 -2.94261  1.70277 0.666938
-3.0538 -4.02269 -2.96738  1.71418 0.666692
-3.08091 -4.05804 -2.99229  1.72574 0.66647
-3.10926 -4.09503 -3.01842  1.73794 0.666267
-3.13832 -4.13297 -3.04529  1.75057 0.666087
-3.16814 -4.17193 -3.07295  1.76367 0.665933
-3.19875 -4.21197 -3.10145  1.77727 0.665807
-3.23021 -4.25315 -3.13084  1.79139 0.665711
-3.26257 -4.29554 -3.16117  1.80608 0.665647
-3.29589 -4.33922 -3.19251  1.82138 0.665618
-3.32952 -4.38336 -3.22426  1.83701 0.665628
-3.36494 -4.42987 -3.25781  1.85367 0.665679
-3.40153 -4.47797 -3.29261  1.87109 0.665776
-3.43938 -4.52778 -3.32874  1.88935 0.665924
-3.47859 -4.57941 -3.36631  1.90851 0.666128
-3.51927 -4.63305 -3.40545  1.92866 0.666392
-3.56155 -4.68884 -3.44629  1.9499 0.666726
-3.60038 -4.73995 -3.48327  1.96946 0.667189
-3.60627 -4.74652 -3.48411  1.97081 0.66803
-3.61205 -4.75293 -3.4849  1.97213 0.668856
-3.61795 -4.75947 -3.48568  1.97348 0.669699
-3.62384 -4.76599 -3.48643  1.97482 0.670542
-3.62973 -4.77249 -3.48716  1.97616 0.671385
-3.63562 -4.77898 -3.48786  1.9775 0.672229
-3.64151 -4.78546 -3.48853  1.97883 0.673073
-3.6474 -4.79193 -3.48917  1.98016 0.673917
-3.65328 -4.79838 -3.48979  1.98149 0.674762
-3.65905 -4.80468 -3.49038  1.98279 0.675589
-3.66493 -4.8111 -3.49094  1.98411 0.676435
-3.67081 -4.81751 -3.49148  1.98543 0.677281
-3.67669 -4.8239 -3.49199  1.98674 0.678127
-3.68257 -4.83028 -3.49248  1.98806 0.678973
-3.68845 -4.83664 -3.49293  1.98936 0.67982
-3.69433 -4.84299 -3.49337  1.99067 0.680668
-3.7002 -4.84932 -3.49377  1.99197 0.681516
-3.70596 -4.85552 -3.49414  1.99325 0.682346
-3.71183 -4.86182 -3.49449  1.99454 0.683195
-3.71771 -4.86811 -3.49482  1.99583 0.684044
-3.72312 -4.87377 -3.49462  1.99687 0.684896
-3.72848 -4.87933 -3.49433  1.99786 0.68575
-3.73383 -4.88488 -3.49401  1.99885 0.686603
-3.73917 -4.8904 -3.49366  1.99984 0.687457
-3.74452 -4.89591 -3.49328  2.00082 0.688311
-3.74974 -4.90127 -3.49287  2.00177 0.689148
-3.75507 -4.90673 -3.49243  2.00274 0.690003
-3.7604 -4.91218 -3.49196  2.0037 0.690858
-3.76572 -4.9176 -3.49145  2.00466 0.691714
-3.77103 -4.923 -3.49091  2.00561 0.69257
-3.77634 -4.92837 -3.49034  2.00655 0.693426
-3.78165 -4.93373 -3.48974  2.00749 0.694283
-3.78694 -4.93907 -3.48911  2.00842 0.69514
-3.79213 -4.94427 -3.48846  2.00933 0.69598
-3.79742 -4.94957 -3.48777  2.01025 0.696838
-3.80271 -4.95484 -3.48705  2.01116 0.697696
-3.80799 -4.96009 -3.48629  2.01207 0.698555
-3.81326 -4.96533 -3.48551  2.01298 0.699415
-3.81854 -4.97054 -3.48469  2.01387 0.700274
-3.8238 -4.97573 -3.48384  2.01477 0.701135
-3.82906 -4.9809 -3.48297  2.01565 0.701995
-3.83421 -4.98594 -3.48208  2.01652 0.702839
-3.83947 -4.99107 -3.48114  2.01739 0.703701
-3.84472 -4.99618 -3.48017  2.01826 0.704563
-3.84996 -5.00126 -3.47916  2.01913 0.705426
-3.8552 -5.00633 -3.47813  2.01998 0.706289
-3.86044 -5.01137 -3.47707  2.02084 0.707153
-3.86567 -5.0164 -3.47598  2.02168 0.708018
-3.8709 -5.0214 -3.47485  2.02253 0.708883
-3.87602 -5.02628 -3.47372  2.02335 0.709731
-3.88124 -5.03125 -3.47254  2.02418 0.710597
-3.88646 -5.03619 -3.47132  2.02501 0.711464
-3.89167 -5.04111 -3.47008  2.02583 0.712331
-3.89688 -5.04601 -3.4688  2.02664 0.713199
-3.90208 -5.05089 -3.46749  2.02745 0.714068
-3.90728 -5.05575 -3.46615  2.02826 0.714937
-3.91248 -5.06059 -3.46479  2.02906 0.715807
-3.91757 -5.06531 -3.46342  2.02983 0.71666
-3.92276 -5.0701 -3.46199  2.03062 0.717532
-3.92795 -5.07488 -3.46053  2.03141 0.718404
-3.93314 -5.07964 -3.45904  2.03219 0.719276
-3.93832 -5.08437 -3.45752  2.03296 0.72015
-3.9435 -5.08908 -3.45597  2.03373 0.721024
-3.94867 -5.09378 -3.4544  2.03449 0.721899
-3.95385 -5.09845 -3.45279  2.03525 0.722776
-3.95891 -5.10301 -3.45118  2.03599 0.723634
-3.96408 -5.10764 -3.44951  2.03674 0.724512
-3.96924 -5.11226 -3.44781  2.03748 0.72539
-3.9744 -5.11685 -3.44608  2.03822 0.726269
-3.97956 -5.12142 -3.44433  2.03895 0.727149
-3.98472 -5.12597 -3.44254  2.03968 0.72803
-3.98987 -5.1305 -3.44072  2.04041 0.728912
-3.99502 -5.13501 -3.43887  2.04113 0.729794
-4.00007 -5.13941 -3.43703  2.04183 0.73066
-4.00522 -5.14389 -3.43512  2.04254 0.731544
-4.01036 -5.14833 -3.43319  2.04324 0.732429
-4.0155 -5.15276 -3.43122  2.04394 0.733316
-4.02064 -5.15717 -3.42922  2.04464 0.734203
-4.02578 -5.16156 -3.4272  2.04533 0.735092
-4.03092 -5.16593 -3.42514  2.04602 0.735981
-4.03605 -5.17028 -3.42306  2.0467 0.736872
-4.04108 -5.17452 -3.42099  2.04736 0.737745
-4.04621 -5.17883 -3.41885  2.04804 0.738637
-4.05134 -5.18312 -3.41667  2.04871 0.739531
-4.05647 -5.18739 -3.41447  2.04937 0.740425
-4.06159 -5.19164 -3.41224  2.05003 0.741321
-4.06672 -5.19587 -3.40998  2.05069 0.742218
-4.07184 -5.20008 -3.40769  2.05134 0.743116
-4.07697 -5.20426 -3.40537  2.05199 0.744015
-4.08198 -5.20835 -3.40307  2.05262 0.744897
-4.0871 -5.2125 -3.4007  2.05326 0.745799
-4.09222 -5.21663 -3.39829  2.05389 0.746702
-4.09734 -5.22074 -3.39586  2.05452 0.747606
-4.10246 -5.22483 -3.39339  2.05515 0.748511
-4.10758 -5.2289 -3.3909  2.05577 0.749418
-4.11269 -5.23294 -3.38838  2.05639 0.750326
-4.11781 -5.23698 -3.38583  2.057 0.751235
-4.12282 -5.24091 -3.38331  2.0576 0.752127
-4.12793 -5.2449 -3.3807  2.05821 0.753039
-4.13305 -5.24887 -3.37806  2.05881 0.753953
-4.13816 -5.25282 -3.3754  2.05941 0.754867
-4.14327 -5.25676 -3.37271  2.06001 0.755783
-4.14839 -5.26067 -3.36999  2.0606 0.756701
-4.1535 -5.26456 -3.36724  2.06119 0.75762
-4.15861 -5.26844 -3.36446  2.06177 0.758541
-4.16362 -5.27221 -3.36171  2.06234 0.759444
-4.16874 -5.27605 -3.35888  2.06292 0.760368
-4.17385 -5.27986 -3.35602  2.06349 0.761293
-4.17897 -5.28366 -3.35313  2.06407 0.76222
-4.18408 -5.28744 -3.35021  2.06463 0.763148
-4.1892 -5.2912 -3.34726  2.0652 0.764078
-4.19431 -5.29494 -3.34429  2.06576 0.765009
-4.19943 -5.29866 -3.34128  2.06631 0.765943
-4.20444 -5.30228 -3.33832  2.06686 0.766859
-4.20956 -5.30597 -3.33526  2.06741 0.767796
-4.21468 -5.30963 -3.33217  2.06796 0.768734
-4.2198 -5.31328 -3.32906  2.0685 0.769674
-4.22492 -5.3169 -3.32592  2.06904 0.770616
-4.23005 -5.32051 -3.32275  2.06958 0.77156
-4.23517 -5.32409 -3.31955  2.07012 0.772506
-4.2403 -5.32766 -3.31633  2.07065 0.773453
-4.24532 -5.33114 -3.31314  2.07117 0.774383
-4.25045 -5.33467 -3.30986  2.07169 0.775334
-4.25558 -5.33818 -3.30656  2.07222 0.776288
-4.26071 -5.34168 -3.30322  2.07274 0.777242
-4.26584 -5.34516 -3.29986  2.07326 0.7782
-4.27098 -5.34861 -3.29648  2.07377 0.779159
-4.27612 -5.35205 -3.29306  2.07429 0.78012
-4.28126 -5.35547 -3.28962  2.0748 0.781083
-4.28629 -5.3588 -3.28622  2.07529 0.782029
-4.29144 -5.36218 -3.28272  2.0758 0.782996
-4.29659 -5.36555 -3.27919  2.0763 0.783966
-4.30173 -5.36889 -3.27564  2.0768 0.784938
-4.30689 -5.37222 -3.27207  2.0773 0.785912
-4.31204 -5.37553 -3.26846  2.0778 0.786888
-4.3172 -5.37882 -3.26483  2.07829 0.787866
-4.32236 -5.38209 -3.26117  2.07878 0.788847
-4.32742 -5.38529 -3.25756  2.07926 0.78981
-4.33258 -5.38852 -3.25385  2.07975 0.790795
-4.33775 -5.39174 -3.25011  2.08023 0.791783
-4.34293 -5.39494 -3.24635  2.08072 0.792773
-4.3481 -5.39812 -3.24256  2.0812 0.793765
-4.35328 -5.40129 -3.23874  2.08168 0.794761
-4.35846 -5.40444 -3.23489  2.08215 0.795758
-4.36365 -5.40757 -3.23102  2.08263 0.796758
-4.36884 -5.41068 -3.22713  2.0831 0.797761
-4.37393 -5.41371 -3.22329  2.08357 0.798745
-4.37912 -5.41679 -3.21933  2.08404 0.799753
-4.38433 -5.41985 -3.21536  2.0845 0.800763
-4.38953 -5.42289 -3.21136  2.08497 0.801776
-4.39474 -5.42591 -3.20733  2.08544 0.802792
-4.39995 -5.42892 -3.20328  2.0859 0.80381
-4.40517 -5.43191 -3.1992  2.08636 0.804832
-4.4104 -5.43489 -3.1951  2.08683 0.805856
-4.41552 -5.43778 -3.19105  2.08728 0.806861
-4.42075 -5.44071 -3.18689  2.08773 0.807891
-4.42599 -5.44364 -3.18271  2.08819 0.808924
-4.43122 -5.44654 -3.1785  2.08865 0.809959
-4.43647 -5.44942 -3.17427  2.0891 0.810997
-4.44173 -5.4523 -3.17001  2.08956 0.812038
-4.44698 -5.45515 -3.16572  2.09001 0.813083
-4.45224 -5.45798 -3.16142  2.09046 0.81413
-4.45741 -5.46074 -3.15717  2.09091 0.81516
-4.46268 -5.46355 -3.15281  2.09136 0.816213
-4.46796 -5.46633 -3.14842  2.09181 0.81727
-4.47324 -5.4691 -3.14401  2.09226 0.81833
-4.47853 -5.47185 -3.13957  2.0927 0.819393
-4.48383 -5.47459 -3.13511  2.09315 0.82046
-4.48913 -5.47731 -3.13063  2.0936 0.821529
-4.49444 -5.48001 -3.12611  2.09405 0.822603
-4.49964 -5.48264 -3.12167  2.09448 0.823657
-4.50496 -5.48531 -3.11711  2.09493 0.824737
-4.51029 -5.48796 -3.11252  2.09538 0.82582
-4.51563 -5.4906 -3.10791  2.09582 0.826908
-4.52096 -5.49322 -3.10328  2.09627 0.827997
-4.52631 -5.49582 -3.09862  2.09671 0.829091
-4.53166 -5.49841 -3.09393  2.09715 0.830189
-4.53703 -5.50099 -3.08922  2.0976 0.83129
-4.54228 -5.50349 -3.08458  2.09804 0.832372
-4.54766 -5.50603 -3.07983  2.09848 0.833481
-4.55304 -5.50855 -3.07504  2.09893 0.834593
-4.55843 -5.51106 -3.07024  2.09937 0.835709
-4.56383 -5.51356 -3.0654  2.09982 0.836829
-4.56923 -5.51604 -3.06055  2.10026 0.837952
-4.57464 -5.5185 -3.05567  2.10071 0.83908
-4.58006 -5.52094 -3.05076  2.10115 0.840211
-4.58538 -5.52332 -3.04594  2.10159 0.841324
-4.59081 -5.52574 -3.04098  2.10204 0.842463
-4.59626 -5.52814 -3.03601  2.10249 0.843607
-4.60171 -5.53052 -3.03101  2.10294 0.844754
-4.60717 -5.53289 -3.02598  2.10338 0.845906
-4.61264 -5.53525 -3.02094  2.10384 0.847062
-4.61812 -5.53759 -3.01587  2.10429 0.848223
-4.6236 -5.53992 -3.01077  2.10474 0.849387
-4.62898 -5.54218 -3.00575  2.10518 0.850532
-4.63449 -5.54447 -3.00061  2.10564 0.851705
-4.64 -5.54675 -2.99544  2.10609 0.852883
-4.64552 -5.54902 -2.99026  2.10655 0.854065
-4.65105 -5.55127 -2.98504  2.107 0.855251
-4.65659 -5.5535 -2.9798  2.10746 0.856442
-4.66214 -5.55572 -2.97454  2.10792 0.857638
-4.6677 -5.55793 -2.96926  2.10838 0.858838
-4.67316 -5.56007 -2.96406  2.10884 0.860018
-4.67873 -5.56225 -2.95873  2.1093 0.861228
-4.68433 -5.56442 -2.95338  2.10977 0.862443
-4.68992 -5.56656 -2.948  2.11023 0.863661
-4.69553 -5.5687 -2.9426  2.1107 0.864885
-4.70115 -5.57082 -2.93718  2.11117 0.866115
-4.70678 -5.57292 -2.93174  2.11165 0.867349
-4.71242 -5.57502 -2.92627  2.11212 0.868588
-4.71795 -5.57705 -2.92089  2.11259 0.869806
-4.72362 -5.57912 -2.91538  2.11307 0.871055
-4.72929 -5.58117 -2.90984  2.11355 0.872309
-4.73497 -5.5832 -2.90428  2.11403 0.873568
-4.74067 -5.58522 -2.8987  2.11451 0.874833
-4.74637 -5.58724 -2.89309  2.115 0.876103
-4.75209 -5.58923 -2.88747  2.11549 0.877378
-4.75781 -5.59121 -2.88182  2.11598 0.878658
-4.76344 -5.59314 -2.87626  2.11647 0.879918
-4.76919 -5.5951 -2.87056  2.11696 0.88121
-4.77495 -5.59704 -2.86485  2.11747 0.882507
-4.78073 -5.59897 -2.85911  2.11797 0.88381
-4.78652 -5.60089 -2.85335  2.11847 0.885118
-4.79231 -5.60279 -2.84756  2.11898 0.886432
-4.79813 -5.60468 -2.84176  2.11949 0.887751
-4.80395 -5.60656 -2.83593  2.12 0.889077
-4.80967 -5.60838 -2.8302  2.12051 0.890381
-4.81551 -5.61023 -2.82433  2.12103 0.891718
-4.82138 -5.61207 -2.81843  2.12155 0.893061
-4.82725 -5.6139 -2.81252  2.12208 0.89441
-4.83314 -5.61571 -2.80658  2.12261 0.895766
-4.83904 -5.61751 -2.80062  2.12314 0.897127
-4.84496 -5.6193 -2.79464  2.12368 0.898495
-4.85088 -5.62108 -2.78864  2.12422 0.899869
-4.8567 -5.6228 -2.78273  2.12475 0.901221
-4.86266 -5.62456 -2.77669  2.1253 0.902607
-4.86863 -5.6263 -2.77062  2.12585 0.904
-4.87461 -5.62802 -2.76453  2.12641 0.905399
-4.8806 -5.62974 -2.75842  2.12696 0.906805
-4.88661 -5.63144 -2.75228  2.12753 0.908217
-4.89264 -5.63313 -2.74613  2.12809 0.909637
-4.89868 -5.63481 -2.73995  2.12866 0.911063
-4.90461 -5.63645 -2.73388  2.12923 0.912466
-4.91068 -5.6381 -2.72767  2.12981 0.913905
-4.91676 -5.63974 -2.72143  2.13039 0.915351
-4.92286 -5.64138 -2.71517  2.13098 0.916804
-4.92897 -5.643 -2.70889  2.13157 0.918264
-4.9351 -5.64461 -2.70258  2.13217 0.919731
-4.94124 -5.64621 -2.69626  2.13277 0.921206
-4.9474 -5.6478 -2.68991  2.13337 0.922688
-4.95345 -5.64934 -2.68368  2.13397 0.924146
-4.95964 -5.65091 -2.67729  2.13459 0.925642
-4.96585 -5.65246 -2.67088  2.13521 0.927145
-4.97206 -5.654 -2.66445  2.13583 0.928656
-4.97831 -5.65554 -2.65801  2.13647 0.930175
-4.98456 -5.65706 -2.65154  2.1371 0.931701
-4.99084 -5.65858 -2.64505  2.13775 0.933235
-4.99712 -5.66008 -2.63853  2.13839 0.934776
-5.0033 -5.66154 -2.63214  2.13903 0.936293
-5.00962 -5.66301 -2.62558  2.13969 0.937851
-5.01595 -5.66448 -2.61901  2.14035 0.939415
-5.02231 -5.66594 -2.61241  2.14102 0.940988
-5.02868 -5.66739 -2.6058  2.14169 0.942568
-5.03507 -5.66883 -2.59916  2.14237 0.944157
-5.04148 -5.67026 -2.59251  2.14306 0.945755
-5.0479 -5.67168 -2.58583  2.14375 0.94736
-5.05421 -5.67306 -2.57927  2.14444 0.948941
-5.06067 -5.67446 -2.57256  2.14514 0.950563
-5.06715 -5.67585 -2.56582  2.14585 0.952194
-5.07364 -5.67723 -2.55906  2.14657 0.953832
-5.08016 -5.6786 -2.55228  2.14729 0.95548
-5.08669 -5.67996 -2.54549  2.14802 0.957137
-5.09324 -5.68131 -2.53867  2.14876 0.958802
-5.09981 -5.68265 -2.53183  2.1495 0.960476
-5.10627 -5.68396 -2.52512  2.15024 0.962125
-5.11288 -5.68528 -2.51824  2.15099 0.963817
-5.1195 -5.68659 -2.51134  2.15175 0.965517
-5.12615 -5.6879 -2.50442  2.15252 0.967227
-5.13282 -5.6892 -2.49748  2.1533 0.968947
-5.1395 -5.69048 -2.49052  2.15408 0.970675
-5.14621 -5.69176 -2.48355  2.15488 0.972413
-5.15293 -5.69303 -2.47655  2.15568 0.974161
-5.15954 -5.69427 -2.46968  2.15647 0.975881
-5.16631 -5.69552 -2.46264  2.15728 0.977648
-5.17309 -5.69676 -2.45558  2.1581 0.979424
-5.1799 -5.698 -2.44851  2.15893 0.98121
-5.18673 -5.69923 -2.44141  2.15977 0.983006
