0 0 0 0  1 1
-2.3842e-06 -3.6373e-06 -4.69581e-06 -5.55459e-06  1 0.999998
-8.58323e-06 -1.45498e-05 -1.87837e-05 -2.22234e-05  1 0.999991
-1.90743e-05 -3.27377e-05 -4.22637e-05 -5.00043e-05  1 0.999981
-3.3858e-05 -5.82017e-05 -7.5136e-05 -8.88969e-05  1 0.999966
-5.22198e-05 -9.02016e-05 -0.000116445 -0.000137769  1 0.999947
-7.5353e-05 -0.000130072 -0.000167912 -0.000198655  1 0.999924
-0.000102544 -0.000177221 -0.000228772 -0.000270651  1 0.999897
-0.000134032 -0.000231651 -0.000299028 -0.000353754  1 0.999865
-0.00016958 -0.000293364 -0.000378678 -0.000447962  1 0.999829
-0.00020943 -0.000362362 -0.000467726 -0.000553274  1 0.999789
-0.000253584 -0.000438646 -0.000566171 -0.000669689  1 0.999745
-0.000301804 -0.00052222 -0.000674014 -0.000797203  1 0.999696
-0.00035314 -0.000611159 -0.000788772 -0.000932874  1 0.999645
-0.000409743 -0.000709172 -0.000915225 -0.00108235  1 0.999588
-0.00047066 -0.000814482 -0.00105108 -0.00124293  1 0.999527
-0.000535657 -0.000927095 -0.00119634 -0.00141458  1 0.999462
-0.000604976 -0.00104701 -0.00135101 -0.00159733  1 0.999392
-0.000678621 -0.00117424 -0.00151509 -0.00179116  1 0.999318
-0.000756357 -0.00130878 -0.00168857 -0.00199606  1 0.99924
-0.000838428 -0.00145065 -0.00187147 -0.00221204  1 0.999157
-0.000922684 -0.00159671 -0.00205977 -0.00243435  1 0.999072
-0.0010132 -0.00175307 -0.0022613 -0.00267223  1 0.998982
-0.00110782 -0.00191677 -0.00247226 -0.00292118  1 0.998887
-0.0012068 -0.0020878 -0.00269264 -0.00318119  1 0.998788
-0.0013099 -0.00226618 -0.00292245 -0.00345225  1 0.998685
-0.00141761 -0.00245191 -0.00316168 -0.00373435  1 0.998577
-0.00152921 -0.00264499 -0.00341034 -0.0040275  1 0.998465
-0.00164519 -0.00284543 -0.00366844 -0.00433168  1 0.998349
-0.00176315 -0.00304894 -0.00393041 -0.00464035  1 0.998231
-0.00188766 -0.00326398 -0.00420719 -0.00496635  1 0.998107
-0.00201657 -0.0034864 -0.00449342 -0.00530338  1 0.997978
-0.00214965 -0.00371622 -0.00478909 -0.00565142  1 0.997845
-0.00228714 -0.00395342 -0.00509421 -0.00601046  1 0.997708
-0.00242881 -0.00419804 -0.00540878 -0.00638049  1 0.997567
-0.00257492 -0.00445008 -0.00573281 -0.00676152  1 0.997422
-0.00272546 -0.00470953 -0.00606631 -0.00715353  1 0.997271
-0.00287706 -0.00497089 -0.00640217 -0.00754818  1 0.997121
-0.00303602 -0.00524507 -0.00675441 -0.00796191  1.00001 0.996963
-0.00319944 -0.00552669 -0.00711612 -0.0083866  1.00001 0.9968
-0.00336733 -0.00581576 -0.00748731 -0.00882225  1.00001 0.996634
-0.00353946 -0.00611231 -0.00786799 -0.00926883  1.00001 0.996463
-0.00371609 -0.00641633 -0.00825814 -0.00972636  1.00001 0.996288
-0.00389698 -0.00672784 -0.0086578 -0.0101948  1.00001 0.996109
-0.00408237 -0.00704685 -0.00906695 -0.0106742  1.00001 0.995926
-0.0042684 -0.00736663 -0.00947697 -0.0111543  1.00001 0.995742
-0.00446261 -0.00770051 -0.00990494 -0.0116553  1.00001 0.99555
-0.00466112 -0.00804192 -0.0103424 -0.0121671  1.00001 0.995355
-0.00486418 -0.00839086 -0.0107894 -0.0126899  1.00001 0.995154
-0.00507156 -0.00874736 -0.0112459 -0.0132235  1.00002 0.99495
-0.00528352 -0.00911143 -0.011712 -0.0137679  1.00002 0.994742
-0.00550007 -0.00948307 -0.0121876 -0.0143232  1.00002 0.994529
-0.00572098 -0.0098623 -0.0126727 -0.0148894  1.00002 0.994312
-0.00594185 -0.0102412 -0.0131572 -0.0154545  1.00002 0.994095
-0.00617174 -0.0106354 -0.0136612 -0.016042  1.00002 0.99387
-0.00640604 -0.0110374 -0.0141748 -0.0166404  1.00002 0.99364
-0.00664498 -0.0114469 -0.014698 -0.0172496  1.00003 0.993407
-0.00688858 -0.0118641 -0.0152307 -0.0178696  1.00003 0.993169
-0.00713662 -0.012289 -0.015773 -0.0185003  1.00003 0.992927
-0.00738934 -0.0127215 -0.0163249 -0.0191418  1.00003 0.992681
-0.00764654 -0.0131618 -0.0168864 -0.0197941  1.00003 0.99243
-0.00790302 -0.0136005 -0.0174457 -0.0204434  1.00004 0.99218
-0.00816941 -0.014056 -0.0180262 -0.0211169  1.00004 0.991922
-0.0084403 -0.0145193 -0.0186163 -0.0218011  1.00004 0.991659
-0.00871595 -0.0149903 -0.0192161 -0.022496  1.00004 0.991391
-0.00899638 -0.0154691 -0.0198254 -0.0232016  1.00005 0.99112
-0.00928135 -0.0159556 -0.0204444 -0.0239179  1.00005 0.990845
-0.00957114 -0.01645 -0.021073 -0.0246449  1.00005 0.990565
-0.00986549 -0.0169522 -0.0217113 -0.0253824  1.00006 0.990281
-0.0101585 -0.0174517 -0.0223459 -0.0261153  1.00006 0.989999
-0.010462 -0.0179694 -0.0230033 -0.0268739  1.00006 0.989707
-0.0107707 -0.0184949 -0.0236704 -0.0276432  1.00007 0.989411
-0.011084 -0.0190284 -0.0243472 -0.028423  1.00007 0.98911
-0.0114019 -0.0195697 -0.0250336 -0.0292134  1.00007 0.988805
-0.0117248 -0.020119 -0.0257298 -0.0300144  1.00008 0.988496
-0.0120524 -0.0206762 -0.0264356 -0.0308259  1.00008 0.988183
-0.0123849 -0.0212413 -0.0271512 -0.031648  1.00009 0.987866
-0.0127154 -0.0218027 -0.0278616 -0.0324635  1.00009 0.987551
-0.0130574 -0.0223836 -0.0285965 -0.0333064  1.0001 0.987226
-0.0134044 -0.0229726 -0.0293411 -0.0341598  1.0001 0.986896
-0.0137564 -0.0235695 -0.0300954 -0.0350236  1.00011 0.986562
-0.0141132 -0.0241746 -0.0308595 -0.0358979  1.00011 0.986224
-0.0144749 -0.0247877 -0.0316334 -0.0367827  1.00012 0.985882
-0.0148416 -0.0254088 -0.032417 -0.0376779  1.00012 0.985536
-0.0152134 -0.0260381 -0.0332105 -0.0385835  1.00013 0.985185
-0.0155822 -0.0266625 -0.0339972 -0.0394807  1.00013 0.984838
-0.0159638 -0.0273079 -0.0348101 -0.0404068  1.00014 0.984479
-0.0163503 -0.0279614 -0.0356327 -0.0413434  1.00015 0.984116
-0.0167419 -0.0286232 -0.0364652 -0.0422903  1.00015 0.983749
-0.0171388 -0.0292931 -0.0373076 -0.0432475  1.00016 0.983378
-0.0175404 -0.0299713 -0.0381598 -0.044215  1.00017 0.983003
-0.0179475 -0.0306578 -0.0390219 -0.0451929  1.00018 0.982623
-0.0183593 -0.0313525 -0.0398938 -0.046181  1.00019 0.98224
-0.0187679 -0.0320411 -0.0407575 -0.0471589  1.00019 0.98186
-0.0191901 -0.0327522 -0.041649 -0.0481673  1.0002 0.981468
-0.0196176 -0.0334718 -0.0425504 -0.0491859  1.00021 0.981072
-0.0200501 -0.0341996 -0.0434618 -0.0502148  1.00022 0.980672
-0.0204881 -0.0349359 -0.044383 -0.0512539  1.00023 0.980268
-0.0209312 -0.0356806 -0.0453143 -0.0523031  1.00024 0.97986
-0.0213795 -0.0364337 -0.0462554 -0.0533625  1.00025 0.979447
-0.0218331 -0.0371953 -0.0472065 -0.054432  1.00026 0.979031
-0.0222826 -0.0379495 -0.0481479 -0.0554895  1.00027 0.978619
-0.0227468 -0.0387279 -0.0491188 -0.056579  1.00028 0.978194
-0.0232164 -0.0395149 -0.0500997 -0.0576787  1.00029 0.977766
-0.0236913 -0.0403104 -0.0510906 -0.0587884  1.0003 0.977333
-0.0241715 -0.0411144 -0.0520915 -0.0599082  1.00031 0.976895
-0.0246572 -0.0419271 -0.0531024 -0.0610379  1.00033 0.976455
-0.0251484 -0.0427484 -0.0541234 -0.0621777  1.00034 0.976009
-0.0256451 -0.0435784 -0.0551545 -0.0633275  1.00035 0.97556
-0.026137 -0.0443999 -0.0561743 -0.0644635  1.00036 0.975116
-0.0266445 -0.0452471 -0.0572254 -0.065633  1.00038 0.974658
-0.0271575 -0.046103 -0.0582865 -0.0668124  1.00039 0.974197
-0.0276762 -0.0469678 -0.0593578 -0.0680018  1.0004 0.973731
-0.0282004 -0.0478413 -0.0604391 -0.069201  1.00042 0.973261
-0.0287301 -0.0487236 -0.0615306 -0.0704101  1.00043 0.972788
-0.0292657 -0.0496148 -0.0626323 -0.0716291  1.00045 0.972309
-0.0298068 -0.0505149 -0.0637442 -0.0728579  1.00047 0.971828
-0.0303424 -0.0514052 -0.0648432 -0.0740711  1.00048 0.971352
-0.0308947 -0.0523229 -0.0659752 -0.0753193  1.0005 0.970862
-0.0314529 -0.0532496 -0.0671175 -0.0765773  1.00051 0.970367
-0.0320168 -0.0541853 -0.06827 -0.0778451  1.00053 0.969869
-0.0325864 -0.05513 -0.0694327 -0.0791225  1.00055 0.969367
-0.033162 -0.0560838 -0.0706056 -0.0804097  1.00057 0.968861
-0.0337433 -0.0570467 -0.0717889 -0.0817066  1.00059 0.968351
-0.0343304 -0.0580186 -0.0729824 -0.0830132  1.00061 0.967836
-0.0349113 -0.0589796 -0.0741616 -0.0843024  1.00063 0.967328
-0.0355103 -0.0599697 -0.0753755 -0.0856281  1.00065 0.966806
-0.0361152 -0.060969 -0.0765998 -0.0869633  1.00067 0.966279
-0.0367259 -0.0619776 -0.0778344 -0.0883081  1.00069 0.965749
-0.0373426 -0.0629954 -0.0790794 -0.0896625  1.00071 0.965214
-0.0379655 -0.0640225 -0.0803348 -0.0910265  1.00073 0.964675
-0.0385944 -0.0650589 -0.0816005 -0.0924  1.00075 0.964133
-0.0392293 -0.0661048 -0.0828767 -0.093783  1.00078 0.963586
-0.0398572 -0.0671383 -0.084137 -0.0951469  1.0008 0.963047
-0.0405041 -0.0682028 -0.0854338 -0.0965486  1.00083 0.962493
-0.0411575 -0.0692767 -0.0867412 -0.0979598  1.00085 0.961934
-0.0418169 -0.0703601 -0.088059 -0.0993804  1.00088 0.961371
-0.0424825 -0.071453 -0.0893873 -0.10081  1.0009 0.960805
-0.0431543 -0.0725555 -0.0907261 -0.10225  1.00093 0.960234
-0.0438324 -0.0736676 -0.0920755 -0.103698  1.00095 0.95966
-0.0445169 -0.0747893 -0.0934353 -0.105157  1.00098 0.959081
-0.0451936 -0.0758976 -0.0947778 -0.106594  1.00101 0.95851
-0.0458907 -0.0770385 -0.0961586 -0.10807  1.00104 0.957924
-0.0465941 -0.0781892 -0.09755 -0.109556  1.00107 0.957333
-0.0473039 -0.0793496 -0.0989521 -0.111051  1.0011 0.956739
-0.0480202 -0.0805198 -0.100365 -0.112555  1.00113 0.95614
-0.0487431 -0.0816999 -0.101788 -0.114069  1.00116 0.955538
-0.0494724 -0.0828898 -0.103222 -0.115591  1.00119 0.954932
-0.0502081 -0.0840897 -0.104667 -0.117123  1.00122 0.954322
-0.0509508 -0.0852995 -0.106122 -0.118664  1.00126 0.953707
-0.0516843 -0.0864944 -0.107559 -0.120182  1.00129 0.953102
-0.0524398 -0.087724 -0.109035 -0.121741  1.00133 0.95248
-0.0532023 -0.0889638 -0.110523 -0.123309  1.00136 0.951854
-0.0539711 -0.0902136 -0.112021 -0.124886  1.0014 0.951224
-0.0547467 -0.0914736 -0.11353 -0.126472  1.00143 0.95059
-0.0555293 -0.0927437 -0.11505 -0.128067  1.00147 0.949952
-0.0563186 -0.0940241 -0.116581 -0.129671  1.00151 0.94931
-0.0571144 -0.0953148 -0.118123 -0.131284  1.00155 0.948665
-0.057901 -0.0965891 -0.119644 -0.132873  1.00159 0.948028
-0.0587107 -0.0979001 -0.121207 -0.134503  1.00163 0.947375
-0.0595275 -0.0992216 -0.122781 -0.136143  1.00167 0.946718
-0.0603509 -0.100553 -0.124366 -0.137791  1.00171 0.946057
-0.0611815 -0.101896 -0.125962 -0.139449  1.00175 0.945392
-0.0620191 -0.103249 -0.127569 -0.141115  1.00179 0.944723
-0.0628638 -0.104612 -0.129188 -0.14279  1.00184 0.94405
-0.0637158 -0.105986 -0.130817 -0.144473  1.00188 0.943373
-0.0645571 -0.107342 -0.132423 -0.146131  1.00193 0.942707
-0.0654231 -0.108737 -0.134075 -0.147832  1.00197 0.942022
-0.0662962 -0.110143 -0.135737 -0.149542  1.00202 0.941334
-0.0671766 -0.11156 -0.13741 -0.15126  1.00207 0.940643
-0.0680643 -0.112987 -0.139095 -0.152987  1.00212 0.939946
-0.0689592 -0.114425 -0.140791 -0.154723  1.00217 0.939247
-0.0698616 -0.115874 -0.142497 -0.156467  1.00222 0.938543
-0.0707713 -0.117334 -0.144216 -0.15822  1.00227 0.937836
-0.0716695 -0.118775 -0.14591 -0.159946  1.00232 0.937139
-0.072594 -0.120257 -0.14765 -0.161716  1.00238 0.936424
-0.0735257 -0.12175 -0.149402 -0.163494  1.00243 0.935705
-0.0744652 -0.123254 -0.151165 -0.165281  1.00249 0.934983
-0.0754123 -0.124769 -0.152939 -0.167077  1.00254 0.934256
-0.0763667 -0.126295 -0.154725 -0.168881  1.0026 0.933526
-0.077329 -0.127833 -0.156522 -0.170693  1.00266 0.932792
-0.0782988 -0.129381 -0.158331 -0.172514  1.00272 0.932054
-0.0792564 -0.13091 -0.160114 -0.174306  1.00278 0.931328
-0.0802416 -0.132481 -0.161945 -0.176143  1.00284 0.930583
-0.0812345 -0.134064 -0.163788 -0.177989  1.0029 0.929834
-0.0822353 -0.135658 -0.165642 -0.179843  1.00296 0.929081
-0.083244 -0.137264 -0.167508 -0.181706  1.00303 0.928325
-0.0842604 -0.138881 -0.169385 -0.183577  1.00309 0.927565
-0.0852849 -0.14051 -0.171274 -0.185456  1.00316 0.9268
-0.0863172 -0.142151 -0.173175 -0.187343  1.00322 0.926033
-0.0873364 -0.143769 -0.175048 -0.1892  1.00329 0.925277
-0.0883848 -0.145433 -0.176972 -0.191104  1.00336 0.924502
-0.0894413 -0.147109 -0.178907 -0.193016  1.00343 0.923724
-0.0905058 -0.148797 -0.180855 -0.194936  1.0035 0.922941
-0.0915786 -0.150496 -0.182814 -0.196864  1.00357 0.922155
-0.0926595 -0.152208 -0.184784 -0.198801  1.00365 0.921365
-0.0937487 -0.153931 -0.186767 -0.200745  1.00372 0.920572
-0.0948461 -0.155667 -0.188761 -0.202698  1.0038 0.919775
-0.0959294 -0.157379 -0.190727 -0.204618  1.00387 0.91899
-0.0970434 -0.159139 -0.192745 -0.206587  1.00395 0.918186
-0.0981658 -0.160911 -0.194774 -0.208563  1.00403 0.917378
-0.0992968 -0.162695 -0.196816 -0.210548  1.00411 0.916566
-0.100436 -0.164491 -0.19887 -0.212541  1.00419 0.915751
-0.101584 -0.1663 -0.200936 -0.214541  1.00428 0.914932
-0.102741 -0.168122 -0.203014 -0.21655  1.00436 0.914109
-0.103906 -0.169956 -0.205104 -0.218567  1.00445 0.913283
-0.105055 -0.171764 -0.207163 -0.22055  1.00453 0.91247
-0.106238 -0.173623 -0.209277 -0.222582  1.00462 0.911637
-0.107429 -0.175495 -0.211404 -0.224622  1.00471 0.9108
-0.108629 -0.177379 -0.213542 -0.22667  1.0048 0.909959
-0.109837 -0.179276 -0.215693 -0.228726  1.00489 0.909115
-0.111055 -0.181186 -0.217856 -0.230789  1.00498 0.908267
-0.112282 -0.183109 -0.220031 -0.232861  1.00508 0.907416
-0.113517 -0.185045 -0.222219 -0.23494  1.00517 0.906562
-0.114736 -0.186954 -0.224374 -0.236985  1.00527 0.905721
-0.115989 -0.188915 -0.226586 -0.239079  1.00537 0.904859
-0.117252 -0.19089 -0.228811 -0.241182  1.00546 0.903994
-0.118524 -0.192878 -0.231048 -0.243292  1.00557 0.903125
-0.119805 -0.194879 -0.233297 -0.24541  1.00567 0.902253
-0.121095 -0.196893 -0.23556 -0.247535  1.00577 0.901377
-0.122394 -0.198921 -0.237834 -0.249668  1.00588 0.900498
-0.123703 -0.200962 -0.240122 -0.251809  1.00598 0.899615
-0.124994 -0.202975 -0.242375 -0.253914  1.00609 0.898747
-0.126321 -0.205043 -0.244687 -0.25607  1.0062 0.897857
-0.127658 -0.207125 -0.247012 -0.258234  1.00631 0.896964
-0.129004 -0.20922 -0.24935 -0.260405  1.00642 0.896068
-0.13036 -0.211329 -0.251701 -0.262584  1.00654 0.895168
-0.131725 -0.213452 -0.254065 -0.26477  1.00665 0.894264
-0.1331 -0.215589 -0.256441 -0.266964  1.00677 0.893357
-0.134485 -0.21774 -0.25883 -0.269165  1.00689 0.892447
-0.135851 -0.21986 -0.261183 -0.271329  1.00701 0.891552
-0.137255 -0.222038 -0.263598 -0.273546  1.00713 0.890635
-0.138669 -0.224231 -0.266026 -0.27577  1.00725 0.889715
-0.140093 -0.226438 -0.268467 -0.278001  1.00738 0.888791
-0.141527 -0.228659 -0.270921 -0.28024  1.0075 0.887864
-0.142971 -0.230894 -0.273389 -0.282486  1.00763 0.886934
-0.144425 -0.233144 -0.275869 -0.28474  1.00776 0.886
-0.145889 -0.235408 -0.278363 -0.287001  1.00789 0.885063
-0.147334 -0.23764 -0.280819 -0.289223  1.00802 0.884142
-0.148817 -0.239933 -0.283339 -0.291499  1.00816 0.883198
-0.150312 -0.242241 -0.285872 -0.293782  1.00829 0.882251
-0.151817 -0.244563 -0.288419 -0.296073  1.00843 0.881301
-0.153332 -0.246901 -0.290979 -0.298371  1.00857 0.880347
-0.154858 -0.249253 -0.293552 -0.300676  1.00871 0.879391
-0.156394 -0.25162 -0.29614 -0.302988  1.00886 0.87843
-0.15794 -0.254002 -0.29874 -0.305308  1.009 0.877467
-0.159465 -0.25635 -0.301301 -0.307588  1.00914 0.87652
-0.161033 -0.258762 -0.303929 -0.309923  1.00929 0.87555
-0.162611 -0.261189 -0.30657 -0.312265  1.00944 0.874577
-0.1642 -0.263632 -0.309225 -0.314614  1.0096 0.873601
-0.165799 -0.26609 -0.311894 -0.31697  1.00975 0.872622
-0.16741 -0.268563 -0.314577 -0.319334  1.00991 0.871639
-0.169031 -0.271052 -0.317273 -0.321705  1.01006 0.870653
-0.170664 -0.273556 -0.319984 -0.324083  1.01022 0.869664
-0.172273 -0.276025 -0.322652 -0.32642  1.01038 0.868693
-0.173928 -0.278561 -0.32539 -0.328812  1.01055 0.867697
-0.175593 -0.281112 -0.328143 -0.331212  1.01071 0.866699
-0.17727 -0.28368 -0.330909 -0.33362  1.01088 0.865697
-0.178957 -0.286263 -0.333689 -0.336034  1.01105 0.864693
-0.180656 -0.288862 -0.336484 -0.338455  1.01122 0.863685
-0.182367 -0.291478 -0.339293 -0.340884  1.01139 0.862675
-0.184089 -0.29411 -0.342116 -0.34332  1.01157 0.86166
-0.185786 -0.296704 -0.344896 -0.345714  1.01174 0.860664
-0.187531 -0.299368 -0.347747 -0.348164  1.01192 0.859645
-0.189287 -0.302049 -0.350614 -0.350622  1.01211 0.858621
-0.191055 -0.304746 -0.353494 -0.353086  1.01229 0.857595
-0.192834 -0.30746 -0.356389 -0.355558  1.01248 0.856566
-0.194625 -0.31019 -0.359299 -0.358037  1.01266 0.855534
-0.196428 -0.312938 -0.362224 -0.360524  1.01285 0.854499
-0.198243 -0.315702 -0.365163 -0.363017  1.01305 0.853461
-0.200033 -0.318426 -0.368057 -0.365467  1.01324 0.852441
-0.201871 -0.321224 -0.371025 -0.367975  1.01343 0.851397
-0.203722 -0.324039 -0.374009 -0.37049  1.01363 0.85035
-0.205585 -0.326871 -0.377007 -0.373012  1.01384 0.8493
-0.20746 -0.329721 -0.380021 -0.375541  1.01404 0.848247
-0.209347 -0.332588 -0.383049 -0.378078  1.01424 0.847191
-0.211247 -0.335472 -0.386092 -0.380622  1.01445 0.846133
-0.213159 -0.338375 -0.389151 -0.383173  1.01466 0.845071
-0.215044 -0.341235 -0.392162 -0.385679  1.01487 0.844028
-0.216981 -0.344172 -0.395251 -0.388244  1.01509 0.84296
-0.21893 -0.347127 -0.398356 -0.390817  1.01531 0.84189
-0.220892 -0.3501 -0.401475 -0.393396  1.01553 0.840817
-0.222867 -0.353091 -0.404611 -0.395983  1.01575 0.839742
-0.224854 -0.3561 -0.407762 -0.398577  1.01597 0.838663
-0.226855 -0.359128 -0.410928 -0.401179  1.0162 0.837581
-0.228868 -0.362174 -0.41411 -0.403787  1.01643 0.836497
-0.230853 -0.365175 -0.417242 -0.40635  1.01666 0.835431
-0.232892 -0.368258 -0.420456 -0.408973  1.01689 0.834341
-0.234944 -0.371358 -0.423685 -0.411603  1.01713 0.833249
-0.23701 -0.374478 -0.42693 -0.414241  1.01737 0.832154
-0.239088 -0.377617 -0.430191 -0.416886  1.01761 0.831055
-0.24118 -0.380774 -0.433468 -0.419538  1.01786 0.829954
-0.243286 -0.383951 -0.436762 -0.422198  1.01811 0.82885
-0.245405 -0.387146 -0.440071 -0.424864  1.01836 0.827744
-0.247537 -0.390361 -0.443397 -0.427539  1.01861 0.826635
-0.24964 -0.393529 -0.44667 -0.430165  1.01886 0.825546
-0.251799 -0.396782 -0.450029 -0.432854  1.01912 0.824431
-0.253973 -0.400055 -0.453404 -0.43555  1.01938 0.823314
-0.25616 -0.403347 -0.456795 -0.438254  1.01965 0.822194
-0.258361 -0.40666 -0.460203 -0.440965  1.01991 0.821072
-0.260576 -0.409991 -0.463627 -0.443683  1.02018 0.819947
-0.262806 -0.413343 -0.467069 -0.446409  1.02046 0.818819
-0.265049 -0.416716 -0.470527 -0.449142  1.02073 0.817689
-0.267261 -0.420038 -0.473931 -0.451826  1.021 0.816579
-0.269533 -0.42345 -0.477423 -0.454575  1.02128 0.815444
-0.271819 -0.426883 -0.480932 -0.45733  1.02157 0.814305
-0.27412 -0.430336 -0.484458 -0.460093  1.02186 0.813165
-0.276435 -0.43381 -0.488001 -0.462864  1.02215 0.812022
-0.278765 -0.437305 -0.491562 -0.465642  1.02244 0.810876
-0.281109 -0.44082 -0.49514 -0.468428  1.02274 0.809728
-0.283469 -0.444356 -0.498736 -0.471221  1.02304 0.808577
-0.285795 -0.447841 -0.502276 -0.473966  1.02333 0.807447
-0.288184 -0.451419 -0.505906 -0.476774  1.02364 0.806292
-0.290588 -0.455019 -0.509555 -0.47959  1.02395 0.805134
-0.293008 -0.45864 -0.513221 -0.482415  1.02426 0.803973
-0.295442 -0.462283 -0.516905 -0.485246  1.02457 0.80281
-0.297892 -0.465947 -0.520607 -0.488086  1.02489 0.801645
-0.300358 -0.469634 -0.524328 -0.490934  1.02521 0.800477
-0.302839 -0.473342 -0.528066 -0.493789  1.02554 0.799307
-0.305284 -0.476996 -0.531746 -0.496594  1.02586 0.798158
-0.307796 -0.480748 -0.535521 -0.499465  1.02619 0.796983
-0.310324 -0.484523 -0.539315 -0.502343  1.02653 0.795805
-0.312868 -0.48832 -0.543127 -0.505231  1.02687 0.794626
-0.315427 -0.49214 -0.546957 -0.508126  1.02721 0.793443
-0.318003 -0.495982 -0.550806 -0.511028  1.02755 0.792259
-0.320595 -0.499848 -0.554675 -0.513939  1.0279 0.791072
-0.323203 -0.503736 -0.558562 -0.516859  1.02825 0.789883
-0.325774 -0.507567 -0.562389 -0.519726  1.0286 0.788716
-0.328414 -0.511502 -0.566314 -0.522662  1.02896 0.787523
-0.331072 -0.51546 -0.570259 -0.525605  1.02933 0.786327
-0.333746 -0.519441 -0.574223 -0.528558  1.02969 0.785128
-0.336436 -0.523447 -0.578206 -0.531518  1.03006 0.783928
-0.339144 -0.527476 -0.582209 -0.534487  1.03044 0.782725
-0.341868 -0.531529 -0.586232 -0.537464  1.03082 0.78152
-0.34461 -0.535606 -0.590274 -0.54045  1.0312 0.780313
-0.347312 -0.539624 -0.594254 -0.543383  1.03158 0.779128
-0.350088 -0.54375 -0.598336 -0.546385  1.03197 0.777917
-0.352881 -0.5479 -0.602438 -0.549397  1.03236 0.776703
-0.355692 -0.552075 -0.606561 -0.552417  1.03276 0.775487
-0.35852 -0.556276 -0.610705 -0.555445  1.03316 0.774269
-0.361366 -0.560501 -0.614868 -0.558483  1.03356 0.773049
-0.364229 -0.564751 -0.619053 -0.561529  1.03397 0.771827
-0.367111 -0.569027 -0.623258 -0.564584  1.03439 0.770603
-0.369951 -0.57324 -0.627397 -0.567586  1.03479 0.769401
-0.372869 -0.577567 -0.631644 -0.570659  1.03522 0.768172
-0.375805 -0.58192 -0.635912 -0.573742  1.03564 0.766942
-0.37876 -0.586299 -0.640201 -0.576833  1.03607 0.765709
-0.381733 -0.590704 -0.644512 -0.579934  1.03651 0.764474
-0.384724 -0.595135 -0.648844 -0.583044  1.03695 0.763237
-0.387734 -0.599593 -0.653198 -0.586163  1.03739 0.761998
-0.390764 -0.604078 -0.657573 -0.589292  1.03784 0.760757
-0.393749 -0.608498 -0.661881 -0.592366  1.03828 0.759539
-0.396817 -0.613036 -0.6663 -0.595513  1.03874 0.758294
-0.399903 -0.617602 -0.670742 -0.598671  1.0392 0.757047
-0.403009 -0.622195 -0.675206 -0.601838  1.03966 0.755798
-0.406134 -0.626816 -0.679692 -0.605014  1.04013 0.754547
-0.409279 -0.631465 -0.684202 -0.608201  1.04061 0.753294
-0.412443 -0.636142 -0.688734 -0.611398  1.04109 0.752039
-0.415628 -0.640847 -0.693289 -0.614605  1.04157 0.750782
-0.418768 -0.645484 -0.697773 -0.617756  1.04205 0.749549
-0.421992 -0.650246 -0.702375 -0.620983  1.04254 0.748288
-0.425237 -0.655036 -0.706999 -0.62422  1.04304 0.747026
-0.428502 -0.659856 -0.711647 -0.627467  1.04354 0.745761
-0.431789 -0.664705 -0.71632 -0.630725  1.04405 0.744495
-0.435096 -0.669584 -0.721016 -0.633994  1.04457 0.743226
-0.438423 -0.674492 -0.725736 -0.637274  1.04508 0.741956
-0.441772 -0.67943 -0.73048 -0.640564  1.04561 0.740684
-0.445074 -0.684297 -0.735152 -0.643798  1.04613 0.739435
-0.448465 -0.689295 -0.739945 -0.64711  1.04666 0.73816
-0.451878 -0.694323 -0.744763 -0.650432  1.0472 0.736882
-0.455312 -0.699382 -0.749606 -0.653766  1.04774 0.735603
-0.458768 -0.704473 -0.754475 -0.657112  1.0483 0.734321
-0.462246 -0.709594 -0.759368 -0.660469  1.04885 0.733038
-0.465746 -0.714747 -0.764287 -0.663837  1.04941 0.731753
-0.469269 -0.719932 -0.769233 -0.667217  1.04998 0.730466
-0.472742 -0.725042 -0.774102 -0.67054  1.05054 0.729204
-0.47631 -0.730291 -0.779099 -0.673943  1.05112 0.727913
-0.4799 -0.735571 -0.784122 -0.677359  1.0517 0.726621
-0.483514 -0.740884 -0.789172 -0.680787  1.05229 0.725327
-0.48715 -0.746231 -0.794249 -0.684227  1.05289 0.724032
-0.49081 -0.751611 -0.799352 -0.687679  1.05349 0.722734
-0.494494 -0.757024 -0.804483 -0.691144  1.05409 0.721435
-0.498201 -0.76247 -0.809641 -0.694621  1.05471 0.720134
-0.501856 -0.767839 -0.814722 -0.698041  1.05531 0.718858
-0.505611 -0.773354 -0.819935 -0.701544  1.05594 0.717553
-0.50939 -0.778903 -0.825177 -0.70506  1.05657 0.716247
-0.513194 -0.784486 -0.830446 -0.708589  1.05721 0.714939
-0.517022 -0.790105 -0.835745 -0.712132  1.05785 0.71363
-0.520875 -0.795759 -0.841072 -0.715689  1.0585 0.712318
-0.524754 -0.801449 -0.846429 -0.719259  1.05916 0.711005
-0.528657 -0.807175 -0.851815 -0.722844  1.05982 0.70969
-0.532506 -0.812819 -0.85712 -0.726368  1.06048 0.708401
-0.53646 -0.818617 -0.862564 -0.72998  1.06116 0.707083
-0.540441 -0.824452 -0.868039 -0.733607  1.06184 0.705763
-0.544447 -0.830325 -0.873545 -0.737248  1.06253 0.704442
-0.54848 -0.836234 -0.879081 -0.740903  1.06323 0.703119
-0.55254 -0.842182 -0.884648 -0.744574  1.06394 0.701794
-0.556626 -0.848167 -0.890246 -0.74826  1.06465 0.700468
-0.560739 -0.854191 -0.895876 -0.751961  1.06537 0.69914
-0.564795 -0.86013 -0.901422 -0.755602  1.06608 0.697837
-0.568963 -0.866232 -0.907115 -0.759334  1.06681 0.696505
-0.573158 -0.872373 -0.91284 -0.763082  1.06755 0.695172
-0.577382 -0.878554 -0.918598 -0.766846  1.0683 0.693838
-0.581633 -0.884775 -0.92439 -0.770627  1.06906 0.692501
-0.585914 -0.891037 -0.930214 -0.774424  1.06982 0.691163
-0.590222 -0.897339 -0.936072 -0.778237  1.0706 0.689824
-0.594561 -0.903684 -0.941965 -0.782068  1.07138 0.688482
-0.598838 -0.909939 -0.94777 -0.785837  1.07215 0.687167
-0.603235 -0.916366 -0.953731 -0.789703  1.07294 0.685822
-0.607661 -0.922836 -0.959726 -0.793585  1.07375 0.684476
-0.612117 -0.929349 -0.965758 -0.797486  1.07456 0.683128
-0.616603 -0.935905 -0.971825 -0.801405  1.07538 0.681779
-0.621121 -0.942505 -0.977928 -0.805342  1.07621 0.680428
-0.625669 -0.949149 -0.984067 -0.809299  1.07705 0.679075
-0.630249 -0.955838 -0.990244 -0.813274  1.0779 0.67772
-0.634766 -0.962434 -0.996331 -0.817187  1.07874 0.676392
-0.639409 -0.969213 -1.00258 -0.8212  1.0796 0.675034
-0.644083 -0.976037 -1.00887 -0.825234  1.08047 0.673675
-0.648791 -0.982909 -1.0152 -0.829288  1.08136 0.672313
-0.653531 -0.989826 -1.02156 -0.833361  1.08225 0.670951
-0.658304 -0.996792 -1.02797 -0.837456  1.08315 0.669587
-0.663111 -1.00381 -1.03442 -0.841572  1.08406 0.668221
-0.667952 -1.01087 -1.0409 -0.845709  1.08498 0.666853
-0.672727 -1.01783 -1.04729 -0.849783  1.0859 0.665511
-0.677636 -1.02499 -1.05386 -0.853963  1.08684 0.66414
-0.68258 -1.0322 -1.06047 -0.858166  1.08779 0.662767
-0.687559 -1.03946 -1.06712 -0.862391  1.08875 0.661393
-0.692574 -1.04677 -1.07381 -0.86664  1.08972 0.660017
-0.697625 -1.05413 -1.08055 -0.870911  1.0907 0.658639
-0.702713 -1.06155 -1.08733 -0.875207  1.09169 0.657259
-0.707837 -1.06902 -1.09416 -0.879527  1.0927 0.655878
-0.712893 -1.07638 -1.10088 -0.883783  1.09369 0.654523
-0.718091 -1.08396 -1.1078 -0.888152  1.09472 0.653138
-0.723328 -1.09159 -1.11476 -0.892546  1.09575 0.651751
-0.728603 -1.09927 -1.12176 -0.896966  1.0968 0.650363
-0.733918 -1.10701 -1.12882 -0.901413  1.09786 0.648973
-0.739272 -1.11481 -1.13592 -0.905886  1.09893 0.647581
-0.744665 -1.12266 -1.14307 -0.910386  1.10002 0.646187
-0.750099 -1.13057 -1.15026 -0.914914  1.10111 0.644792
-0.755574 -1.13854 -1.15751 -0.91947  1.10222 0.643394
-0.760978 -1.14641 -1.16466 -0.92396  1.10332 0.642023
-0.766534 -1.1545 -1.17201 -0.928573  1.10445 0.640622
-0.772135 -1.16265 -1.17941 -0.933215  1.1056 0.639219
-0.777777 -1.17086 -1.18686 -0.937888  1.10675 0.637814
-0.783463 -1.17913 -1.19436 -0.94259  1.10793 0.636407
-0.789193 -1.18747 -1.20192 -0.947325  1.10911 0.634998
-0.794967 -1.19587 -1.20954 -0.952091  1.11031 0.633588
-0.800787 -1.20433 -1.2172 -0.956889  1.11152 0.632175
-0.806532 -1.21269 -1.22477 -0.961621  1.11273 0.630789
-0.812443 -1.22129 -1.23255 -0.966485  1.11397 0.629372
-0.818401 -1.22995 -1.24039 -0.971383  1.11523 0.627953
-0.824405 -1.23869 -1.24829 -0.976316  1.1165 0.626533
-0.830459 -1.24749 -1.25624 -0.981284  1.11778 0.62511
-0.836561 -1.25636 -1.26426 -0.986288  1.11908 0.623685
-0.842712 -1.2653 -1.27234 -0.991329  1.1204 0.622257
-0.848914 -1.27432 -1.28048 -0.996407  1.12174 0.620828
-0.855038 -1.28322 -1.28851 -1.00142  1.12306 0.619426
-0.861342 -1.29239 -1.29678 -1.00657  1.12442 0.617992
-0.867697 -1.30163 -1.30511 -1.01177  1.12581 0.616556
-0.874106 -1.31094 -1.31351 -1.017  1.12721 0.615117
-0.880568 -1.32034 -1.32197 -1.02228  1.12862 0.613676
-0.887085 -1.32981 -1.33051 -1.0276  1.13006 0.612233
-0.893658 -1.33936 -1.33911 -1.03296  1.13151 0.610788
-0.900287 -1.34899 -1.34779 -1.03836  1.13298 0.60934
-0.906837 -1.35851 -1.35636 -1.0437  1.13444 0.607919
-0.913579 -1.36831 -1.36517 -1.0492  1.13595 0.606466
-0.920381 -1.3782 -1.37407 -1.05474  1.13748 0.605011
-0.927244 -1.38817 -1.38304 -1.06033  1.13902 0.603553
-0.934167 -1.39823 -1.39208 -1.06596  1.14059 0.602092
-0.941152 -1.40838 -1.40121 -1.07165  1.14218 0.600629
-0.948199 -1.41862 -1.41041 -1.07739  1.14379 0.599163
-0.955311 -1.42895 -1.4197 -1.08318  1.14542 0.597694
-0.962341 -1.43917 -1.42888 -1.0889  1.14704 0.596252
-0.969582 -1.44969 -1.43833 -1.0948  1.14871 0.594777
-0.976891 -1.46031 -1.44787 -1.10075  1.15041 0.5933
-0.984268 -1.47103 -1.4575 -1.10676  1.15213 0.591819
-0.991715 -1.48185 -1.46722 -1.11283  1.15387 0.590336
-0.999233 -1.49277 -1.47703 -1.11895  1.15564 0.588849
-1.00682 -1.5038 -1.48693 -1.12514  1.15743 0.587359
-1.01449 -1.51494 -1.49692 -1.13139  1.15925 0.585866
-1.02207 -1.52595 -1.50681 -1.13757  1.16106 0.5844
-1.02988 -1.53731 -1.517 -1.14394  1.16293 0.5829
-1.03777 -1.54878 -1.5273 -1.15039  1.16482 0.581397
-1.04574 -1.56036 -1.53769 -1.1569  1.16675 0.57989
-1.05379 -1.57206 -1.54819 -1.16348  1.1687 0.57838
-1.06193 -1.58388 -1.5588 -1.17013  1.17068 0.576865
-1.07014 -1.59583 -1.56952 -1.17686  1.17269 0.575348
-1.07845 -1.6079 -1.58035 -1.18366  1.17473 0.573826
-1.08667 -1.61985 -1.59108 -1.1904  1.17676 0.572331
-1.09514 -1.63217 -1.60214 -1.19736  1.17887 0.570802
-1.10371 -1.64463 -1.61332 -1.2044  1.181 0.569268
-1.11238 -1.65723 -1.62463 -1.21152  1.18317 0.56773
-1.12114 -1.66996 -1.63607 -1.21873  1.18537 0.566188
-1.12999 -1.68284 -1.64763 -1.22603  1.18761 0.564641
-1.13895 -1.69587 -1.65933 -1.23341  1.18989 0.56309
-1.14801 -1.70904 -1.67116 -1.2409  1.1922 0.561534
-1.15698 -1.7221 -1.68289 -1.24832  1.1945 0.560005
-1.16625 -1.73558 -1.695 -1.25599  1.19689 0.558439
-1.17562 -1.74922 -1.70726 -1.26377  1.19932 0.556869
-1.18511 -1.76303 -1.71967 -1.27164  1.20179 0.555293
-1.19471 -1.777 -1.73223 -1.27963  1.2043 0.553712
-1.20443 -1.79115 -1.74496 -1.28773  1.20685 0.552125
-1.21427 -1.80548 -1.75785 -1.29594  1.20945 0.550533
-1.22424 -1.81999 -1.7709 -1.30427  1.2121 0.548935
-1.23413 -1.83439 -1.78386 -1.31255  1.21474 0.547364
-1.24435 -1.84927 -1.79726 -1.32112  1.21748 0.545755
-1.2547 -1.86435 -1.81085 -1.32983  1.22028 0.544139
-1.26519 -1.87964 -1.82462 -1.33866  1.22312 0.542517
-1.27583 -1.89514 -1.83859 -1.34764  1.22602 0.540888
-1.28661 -1.91085 -1.85276 -1.35675  1.22898 0.539252
-1.29754 -1.92679 -1.86714 -1.36602  1.23199 0.537609
-1.30862 -1.94295 -1.88173 -1.37544  1.23506 0.535959
-1.31964 -1.95901 -1.89623 -1.38481  1.23813 0.534335
-1.33105 -1.97565 -1.91127 -1.39455  1.24133 0.53267
-1.34262 -1.99254 -1.92654 -1.40445  1.24459 0.530997
-1.35437 -2.00969 -1.94205 -1.41453  1.24792 0.529316
-1.36631 -2.02711 -1.95781 -1.42479  1.25133 0.527626
-1.37843 -2.0448 -1.97383 -1.43524  1.2548 0.525928
-1.39074 -2.06278 -1.99013 -1.44588  1.25836 0.52422
-1.40325 -2.08106 -2.0067 -1.45673  1.26199 0.522503
-1.41571 -2.09927 -2.02322 -1.46757  1.26563 0.520812
-1.42864 -2.11817 -2.04039 -1.47885  1.26943 0.519076
-1.4418 -2.1374 -2.05786 -1.49035  1.27332 0.517329
-1.45519 -2.15698 -2.07567 -1.5021  1.2773 0.515572
-1.46882 -2.17692 -2.09381 -1.5141  1.28138 0.513804
-1.4827 -2.19723 -2.11231 -1.52636  1.28557 0.512023
-1.49684 -2.21793 -2.13118 -1.53889  1.28986 0.510231
-1.51125 -2.23903 -2.15043 -1.55171  1.29426 0.508427
-1.52565 -2.26011 -2.16969 -1.56455  1.29869 0.506647
-1.54063 -2.28207 -2.18976 -1.57797  1.30332 0.504817
-1.55593 -2.3045 -2.21028 -1.59172  1.30809 0.502972
-1.57155 -2.3274 -2.23125 -1.60582  1.313 0.501113
-1.58751 -2.35081 -2.25272 -1.62028  1.31805 0.499239
-1.60383 -2.37476 -2.2747 -1.63512  1.32324 0.497349
-1.62052 -2.39927 -2.29721 -1.65036  1.3286 0.495442
-1.63761 -2.42436 -2.3203 -1.66603  1.33413 0.493519
-1.65475 -2.44955 -2.34349 -1.68182  1.33971 0.491617
-1.67268 -2.4759 -2.36779 -1.6984  1.3456 0.489656
-1.69107 -2.50296 -2.39276 -1.71549  1.35169 0.487676
-1.70996 -2.53074 -2.41845 -1.73312  1.35799 0.485676
-1.72936 -2.55931 -2.44488 -1.75131  1.36452 0.483653
-1.74932 -2.5887 -2.47213 -1.77012  1.3713 0.481608
-1.76987 -2.61898 -2.50023 -1.78957  1.37833 0.479538
-1.79105 -2.6502 -2.52924 -1.80972  1.38565 0.477443
-1.81245 -2.68176 -2.55862 -1.83018  1.39311 0.475366
-1.83501 -2.71506 -2.58966 -1.85186  1.40104 0.473216
-1.85835 -2.74951 -2.62183 -1.87441  1.40933 0.471037
-1.88252 -2.78523 -2.65523 -1.89789  1.418 0.468826
-1.9076 -2.82231 -2.68996 -1.92239  1.42709 0.466581
-1.93367 -2.86087 -2.72614 -1.948  1.43663 0.464301
-1.96081 -2.90104 -2.7639 -1.97482  1.44667 0.461982
-1.98913 -2.94298 -2.80339 -2.00296  1.45727 0.459623
-2.01813 -2.98596 -2.84393 -2.03196  1.46824 0.457269
-2.04915 -3.03195 -2.8874 -2.06315  1.48011 0.454819
-2.08176 -3.08033 -2.93322 -2.09616  1.49275 0.452319
-2.11399 -3.12817 -2.97846 -2.12866  1.50533 0.44998
-2.11871 -3.13473 -2.98245 -2.12877  1.50628 0.450477
-2.12343 -3.14129 -2.98642 -2.12885  1.50723 0.450975
-2.12814 -3.14783 -2.99036 -2.12889  1.50818 0.451473
-2.13285 -3.15436 -2.99427 -2.12889  1.50912 0.451972
-2.13746 -3.16075 -2.99808 -2.12886  1.51004 0.452462
-2.14217 -3.16726 -3.00193 -2.1288  1.51098 0.452962
-2.14687 -3.17375 -3.00576 -2.1287  1.51192 0.453464
-2.15158 -3.18024 -3.00956 -2.12856  1.51285 0.453966
-2.15628 -3.18671 -3.01334 -2.12839  1.51378 0.454469
-2.16097 -3.19318 -3.01708 -2.12818  1.51471 0.454973
-2.16567 -3.19963 -3.0208 -2.12794  1.51564 0.455478
-2.17036 -3.20606 -3.02449 -2.12766  1.51656 0.455983
-2.17496 -3.21236 -3.02808 -2.12735  1.51746 0.45648
-2.17965 -3.21877 -3.03171 -2.127  1.51838 0.456987
-2.18434 -3.22517 -3.03531 -2.12661  1.51929 0.457495
-2.18902 -3.23155 -3.03888 -2.12619  1.52021 0.458005
-2.1937 -3.23793 -3.04243 -2.12573  1.52112 0.458515
-2.19838 -3.24429 -3.04594 -2.12523  1.52202 0.459027
-2.20306 -3.25063 -3.04942 -2.1247  1.52293 0.459539
-2.20774 -3.25697 -3.05288 -2.12413  1.52383 0.460053
-2.21231 -3.26316 -3.05623 -2.12353  1.52471 0.460557
-2.21698 -3.26946 -3.05962 -2.12289  1.52561 0.461073
-2.22164 -3.27575 -3.06298 -2.12221  1.5265 0.46159
-2.22631 -3.28203 -3.06631 -2.12149  1.52739 0.462108
-2.23097 -3.28829 -3.06961 -2.12073  1.52828 0.462628
-2.23562 -3.29453 -3.07288 -2.11993  1.52916 0.463149
-2.24028 -3.30076 -3.07611 -2.1191  1.53004 0.463671
-2.24493 -3.30698 -3.07931 -2.11822  1.53092 0.464194
-2.24948 -3.31305 -3.08242 -2.11733  1.53177 0.464708
-2.25412 -3.31924 -3.08555 -2.11638  1.53264 0.465234
-2.25876 -3.3254 -3.08866 -2.11539  1.53351 0.465761
-2.26339 -3.33155 -3.09173 -2.11436  1.53438 0.46629
-2.26802 -3.33769 -3.09476 -2.11329  1.53524 0.46682
-2.27265 -3.34381 -3.09777 -2.11219  1.53609 0.467352
-2.27727 -3.34991 -3.10074 -2.11104  1.53695 0.467886
-2.28189 -3.35599 -3.10367 -2.10985  1.5378 0.46842
-2.28651 -3.36206 -3.10657 -2.10863  1.53864 0.468957
-2.29103 -3.36798 -3.10938 -2.10739  1.53947 0.469484
-2.29563 -3.37401 -3.11221 -2.10608  1.54031 0.470024
-2.30024 -3.38003 -3.115 -2.10473  1.54115 0.470565
-2.30483 -3.38602 -3.11776 -2.10335  1.54198 0.471108
-2.30943 -3.392 -3.12049 -2.10192  1.54281 0.471653
-2.31402 -3.39796 -3.12318 -2.10046  1.54363 0.472199
-2.31861 -3.4039 -3.12584 -2.09895  1.54445 0.472747
-2.32319 -3.40983 -3.12846 -2.0974  1.54527 0.473297
-2.32767 -3.41562 -3.13099 -2.09584  1.54607 0.473837
-2.33225 -3.42151 -3.13354 -2.09422  1.54688 0.474391
-2.33682 -3.42738 -3.13605 -2.09255  1.54769 0.474946
-2.34139 -3.43323 -3.13853 -2.09084  1.54849 0.475503
-2.34595 -3.43907 -3.14098 -2.0891  1.5493 0.476061
-2.35052 -3.44489 -3.14339 -2.08731  1.55009 0.476622
-2.35507 -3.45069 -3.14576 -2.08548  1.55089 0.477185
-2.35963 -3.45648 -3.1481 -2.08362  1.55168 0.477749
-2.36409 -3.46213 -3.15036 -2.08175  1.55245 0.478304
-2.36864 -3.46788 -3.15263 -2.07981  1.55324 0.478871
-2.37319 -3.47362 -3.15487 -2.07782  1.55402 0.479441
-2.37773 -3.47934 -3.15707 -2.0758  1.5548 0.480013
-2.38228 -3.48504 -3.15924 -2.07374  1.55558 0.480587
-2.38682 -3.49073 -3.16137 -2.07164  1.55635 0.481163
-2.39136 -3.4964 -3.16347 -2.0695  1.55712 0.48174
-2.3959 -3.50206 -3.16554 -2.06732  1.55789 0.48232
-2.40035 -3.50758 -3.16753 -2.06516  1.55864 0.482889
-2.40489 -3.51321 -3.16953 -2.0629  1.5594 0.483473
-2.40942 -3.51882 -3.1715 -2.06061  1.56017 0.484058
-2.41396 -3.52442 -3.17344 -2.05828  1.56093 0.484646
-2.41849 -3.53 -3.17534 -2.05592  1.56168 0.485235
-2.42303 -3.53557 -3.17721 -2.05352  1.56244 0.485826
-2.42757 -3.54112 -3.17904 -2.05107  1.56319 0.48642
-2.4321 -3.54667 -3.18085 -2.0486  1.56395 0.487016
-2.43655 -3.55208 -3.18259 -2.04614  1.56468 0.487601
-2.44108 -3.55759 -3.18433 -2.04358  1.56543 0.488201
-2.44562 -3.56309 -3.18604 -2.041  1.56617 0.488802
-2.45016 -3.56858 -3.18771 -2.03837  1.56692 0.489406
-2.4547 -3.57406 -3.18936 -2.03571  1.56766 0.490012
-2.45925 -3.57952 -3.19097 -2.03302  1.56841 0.49062
-2.46379 -3.58497 -3.19255 -2.03028  1.56915 0.49123
-2.46833 -3.59041 -3.19411 -2.02751  1.56989 0.491843
-2.47279 -3.59572 -3.19559 -2.02477  1.57061 0.492445
-2.47734 -3.60113 -3.19708 -2.02193  1.57135 0.493062
-2.48189 -3.60653 -3.19854 -2.01905  1.57208 0.493681
-2.48644 -3.61192 -3.19997 -2.01614  1.57282 0.494302
-2.491 -3.6173 -3.20136 -2.01319  1.57355 0.494926
-2.49556 -3.62267 -3.20273 -2.01021  1.57429 0.495551
-2.50012 -3.62802 -3.20407 -2.00719  1.57502 0.496179
-2.50469 -3.63337 -3.20537 -2.00414  1.57575 0.49681
-2.50916 -3.63859 -3.20662 -2.00112  1.57647 0.49743
-2.51373 -3.64391 -3.20787 -1.99799  1.5772 0.498065
-2.51831 -3.64922 -3.20908 -1.99484  1.57793 0.498703
-2.52289 -3.65452 -3.21026 -1.99164  1.57866 0.499343
-2.52747 -3.65982 -3.21142 -1.98842  1.57939 0.499986
-2.53206 -3.6651 -3.21254 -1.98516  1.58012 0.50063
-2.53665 -3.67037 -3.21364 -1.98186  1.58085 0.501278
-2.54125 -3.67563 -3.2147 -1.97853  1.58158 0.501928
-2.54575 -3.68077 -3.21571 -1.97524  1.58229 0.502568
-2.55036 -3.68601 -3.21672 -1.97184  1.58302 0.503223
-2.55497 -3.69124 -3.2177 -1.96841  1.58375 0.503881
-2.55958 -3.69646 -3.21865 -1.96495  1.58448 0.504541
-2.5642 -3.70167 -3.21956 -1.96145  1.58521 0.505204
-2.56882 -3.70688 -3.22045 -1.95791  1.58594 0.50587
-2.57346 -3.71207 -3.22131 -1.95434  1.58667 0.506538
-2.57809 -3.71725 -3.22213 -1.95074  1.5874 0.50721
-2.58264 -3.72233 -3.22292 -1.94718  1.58812 0.50787
-2.58729 -3.72749 -3.22369 -1.94352  1.58885 0.508546
-2.59194 -3.73265 -3.22443 -1.93982  1.58958 0.509226
-2.5966 -3.7378 -3.22514 -1.93608  1.59031 0.509908
-2.60127 -3.74294 -3.22582 -1.93231  1.59105 0.510594
-2.60594 -3.74807 -3.22648 -1.92851  1.59178 0.511282
-2.61062 -3.7532 -3.2271 -1.92468  1.59252 0.511973
-2.61531 -3.75832 -3.2277 -1.92081  1.59325 0.512667
-2.6199 -3.76332 -3.22826 -1.91699  1.59398 0.51335
-2.6246 -3.76842 -3.2288 -1.91306  1.59471 0.514051
-2.62931 -3.77352 -3.22931 -1.9091  1.59545 0.514754
-2.63402 -3.7786 -3.22979 -1.9051  1.59619 0.51546
-2.63875 -3.78368 -3.23025 -1.90107  1.59693 0.51617
-2.64348 -3.78875 -3.23067 -1.89701  1.59768 0.516882
-2.64821 -3.79382 -3.23107 -1.89291  1.59842 0.517598
-2.65296 -3.79888 -3.23144 -1.88878  1.59917 0.518317
-2.65762 -3.80382 -3.23177 -1.88471  1.5999 0.519024
-2.66238 -3.80887 -3.23208 -1.88052  1.60065 0.51975
-2.66715 -3.8139 -3.23237 -1.87629  1.6014 0.520479
-2.67193 -3.81893 -3.23262 -1.87204  1.60215 0.521212
-2.67672 -3.82396 -3.23285 -1.86775  1.60291 0.521947
-2.68152 -3.82898 -3.23305 -1.86343  1.60366 0.522686
-2.68632 -3.83399 -3.23322 -1.85908  1.60442 0.523428
-2.69113 -3.83899 -3.23337 -1.8547  1.60518 0.524174
-2.69586 -3.84389 -3.23348 -1.85037  1.60593 0.524909
-2.70069 -3.84888 -3.23357 -1.84593  1.60669 0.525662
-2.70554 -3.85387 -3.23363 -1.84145  1.60745 0.526418
-2.71039 -3.85885 -3.23366 -1.83694  1.60822 0.527178
-2.71526 -3.86383 -3.23367 -1.8324  1.609 0.527942
-2.72013 -3.8688 -3.23365 -1.82783  1.60977 0.52871
-2.72501 -3.87377 -3.23359 -1.82322  1.61054 0.529481
-2.72991 -3.87873 -3.23352 -1.81859  1.61132 0.530257
-2.73471 -3.88358 -3.23342 -1.81402  1.61209 0.531019
-2.73963 -3.88854 -3.23328 -1.80932  1.61287 0.531802
-2.74456 -3.89349 -3.23312 -1.8046  1.61366 0.532589
-2.74949 -3.89843 -3.23294 -1.79984  1.61445 0.533379
-2.75444 -3.90337 -3.23272 -1.79505  1.61524 0.534174
-2.7594 -3.9083 -3.23248 -1.79023  1.61604 0.534972
-2.76437 -3.91323 -3.23221 -1.78538  1.61683 0.535775
-2.76936 -3.91816 -3.23192 -1.7805  1.61764 0.536581
-2.77425 -3.92298 -3.2316 -1.77569  1.61842 0.537375
-2.77926 -3.9279 -3.23126 -1.77075  1.61923 0.53819
-2.78428 -3.93281 -3.23088 -1.76578  1.62004 0.539009
-2.78931 -3.93772 -3.23047 -1.76078  1.62086 0.539832
-2.79436 -3.94263 -3.23005 -1.75575  1.62168 0.540659
-2.79941 -3.94754 -3.22959 -1.75068  1.6225 0.541491
-2.80449 -3.95244 -3.22911 -1.74559  1.62333 0.542327
-2.80957 -3.95734 -3.2286 -1.74047  1.62416 0.543168
-2.81456 -3.96214 -3.22807 -1.73542  1.62497 0.543995
-2.81967 -3.96703 -3.22751 -1.73024  1.62581 0.544844
-2.8248 -3.97192 -3.22692 -1.72503  1.62665 0.545698
-2.82993 -3.97681 -3.2263 -1.71979  1.6275 0.546556
-2.83509 -3.9817 -3.22566 -1.71452  1.62835 0.547419
-2.84025 -3.98659 -3.225 -1.70922  1.62921 0.548287
-2.84543 -3.99147 -3.2243 -1.7039  1.63006 0.549159
-2.85063 -3.99635 -3.22358 -1.69854  1.63093 0.550036
-2.85573 -4.00113 -3.22285 -1.69326  1.63178 0.5509
-2.86096 -4.00601 -3.22208 -1.68784  1.63265 0.551786
-2.86615 -4.01082 -3.22121 -1.68235  1.63351 0.552681
-2.87133 -4.01559 -3.22029 -1.67681  1.63436 0.553583
-2.87653 -4.02035 -3.21933 -1.67123  1.63521 0.554491
-2.88175 -4.02512 -3.21836 -1.66562  1.63607 0.555403
-2.88698 -4.02989 -3.21735 -1.65999  1.63693 0.556321
-2.89222 -4.03465 -3.21632 -1.65433  1.6378 0.557244
-2.89738 -4.03932 -3.21528 -1.64875  1.63866 0.558152
-2.90265 -4.04408 -3.2142 -1.64303  1.63954 0.559085
-2.90794 -4.04884 -3.21309 -1.63728  1.64042 0.560023
-2.91325 -4.0536 -3.21196 -1.63151  1.64131 0.560966
-2.91858 -4.05836 -3.2108 -1.6257  1.64221 0.561915
-2.92392 -4.06312 -3.20961 -1.61987  1.64311 0.562869
-2.92928 -4.06788 -3.20839 -1.614  1.64401 0.563829
-2.93465 -4.07264 -3.20715 -1.60811  1.64492 0.564794
-2.93993 -4.0773 -3.20591 -1.60231  1.64582 0.565745
-2.94534 -4.08207 -3.20462 -1.59636  1.64675 0.56672
-2.95076 -4.08682 -3.2033 -1.59038  1.64767 0.567702
-2.95621 -4.09158 -3.20196 -1.58438  1.64861 0.568689
-2.96167 -4.09635 -3.20059 -1.57835  1.64955 0.569682
-2.96715 -4.10111 -3.1992 -1.57228  1.6505 0.570681
-2.97265 -4.10587 -3.19778 -1.56619  1.65145 0.571685
-2.97816 -4.11064 -3.19633 -1.56008  1.65241 0.572696
-2.9837 -4.11541 -3.19486 -1.55393  1.65337 0.573712
-2.98914 -4.12008 -3.19339 -1.54788  1.65433 0.574713
-2.99471 -4.12485 -3.19187 -1.54168  1.65531 0.575741
-3.0003 -4.12962 -3.19032 -1.53545  1.65629 0.576775
-3.00591 -4.13439 -3.18875 -1.5292  1.65728 0.577815
-3.01154 -4.13917 -3.18715 -1.52292  1.65828 0.578861
-3.01719 -4.14395 -3.18553 -1.5166  1.65929 0.579914
-3.02286 -4.14872 -3.18388 -1.51027  1.6603 0.580973
-3.02855 -4.15351 -3.18221 -1.5039  1.66133 0.582037
-3.03414 -4.1582 -3.18054 -1.49764  1.66233 0.583087
-3.03987 -4.16299 -3.17882 -1.49122  1.66337 0.584164
-3.04562 -4.16778 -3.17707 -1.48477  1.66441 0.585248
-3.05139 -4.17258 -3.1753 -1.4783  1.66546 0.586339
-3.05718 -4.17737 -3.1735 -1.47179  1.66652 0.587436
-3.063 -4.18218 -3.17168 -1.46527  1.66759 0.58854
-3.06884 -4.18699 -3.16983 -1.45871  1.66866 0.58965
-3.07469 -4.1918 -3.16795 -1.45213  1.66975 0.590767
-3.08045 -4.19652 -3.1661 -1.44565  1.67081 0.591867
-3.08635 -4.20134 -3.16417 -1.43902  1.67191 0.592998
-3.09228 -4.20616 -3.16223 -1.43235  1.67302 0.594135
-3.09822 -4.21099 -3.16026 -1.42567  1.67414 0.595279
-3.10419 -4.21583 -3.15826 -1.41895  1.67526 0.596431
-3.11018 -4.22067 -3.15624 -1.41221  1.6764 0.597589
-3.11619 -4.22551 -3.1542 -1.40544  1.67754 0.598754
-3.12223 -4.23036 -3.15213 -1.39864  1.67869 0.599926
-3.12817 -4.23512 -3.15008 -1.39196  1.67983 0.601081
-3.13425 -4.23998 -3.14796 -1.38511  1.68099 0.602268
-3.14036 -4.24485 -3.14582 -1.37824  1.68217 0.603462
-3.1465 -4.24973 -3.14365 -1.37134  1.68336 0.604663
-3.15265 -4.25461 -3.14146 -1.36442  1.68456 0.605872
-3.15884 -4.2595 -3.13925 -1.35746  1.68577 0.607088
-3.16504 -4.2644 -3.13701 -1.35049  1.68699 0.608312
-3.17127 -4.26929 -3.13474 -1.34348  1.68821 0.609543
-3.1774 -4.27411 -3.13251 -1.33659  1.68943 0.610757
-3.18369 -4.27902 -3.13019 -1.32954  1.69067 0.612003
-3.18999 -4.28394 -3.12786 -1.32245  1.69193 0.613257
-3.19633 -4.28888 -3.1255 -1.31535  1.6932 0.614519
-3.20269 -4.29381 -3.12312 -1.30821  1.69448 0.615789
-3.20907 -4.29876 -3.12071 -1.30106  1.69577 0.617067
-3.21549 -4.30372 -3.11828 -1.29387  1.69707 0.618353
-3.22193 -4.30869 -3.11583 -1.28666  1.69838 0.619646
-3.22826 -4.31356 -3.1134 -1.27957  1.69967 0.620922
-3.23476 -4.31854 -3.1109 -1.27231  1.70101 0.622231
-3.24128 -4.32353 -3.10838 -1.26502  1.70235 0.623549
-3.24783 -4.32853 -3.10583 -1.25771  1.70371 0.624876
-3.25441 -4.33354 -3.10326 -1.25037  1.70507 0.62621
-3.26101 -4.33856 -3.10066 -1.24301  1.70645 0.627554
-3.26765 -4.34359 -3.09804 -1.23562  1.70784 0.628905
-3.27431 -4.34863 -3.0954 -1.2282  1.70925 0.630265
-3.28086 -4.35358 -3.09279 -1.22092  1.71063 0.631606
-3.28758 -4.35864 -3.0901 -1.21345  1.71206 0.632983
-3.29433 -4.36371 -3.08738 -1.20596  1.7135 0.634369
-3.30111 -4.3688 -3.08465 -1.19844  1.71495 0.635763
-3.30792 -4.37389 -3.08189 -1.1909  1.71642 0.637167
-3.31476 -4.37899 -3.0791 -1.18334  1.7179 0.638579
-3.32163 -4.38411 -3.0763 -1.17575  1.71939 0.640001
-3.32853 -4.38924 -3.07347 -1.16813  1.72089 0.641431
-3.33533 -4.39428 -3.07068 -1.16065  1.72238 0.642841
-3.34229 -4.39943 -3.0678 -1.15298  1.72391 0.644289
-3.34928 -4.4046 -3.0649 -1.14529  1.72545 0.645747
-3.35631 -4.40977 -3.06198 -1.13757  1.72701 0.647214
-3.36336 -4.41496 -3.05903 -1.12983  1.72858 0.64869
-3.37045 -4.42016 -3.05606 -1.12206  1.73017 0.650176
-3.37758 -4.42538 -3.05307 -1.11427  1.73177 0.651671
-3.38473 -4.43061 -3.05005 -1.10646  1.73338 0.653176
-3.39177 -4.43575 -3.04708 -1.09878  1.73498 0.654659
-3.39899 -4.44101 -3.04402 -1.09091  1.73662 0.656183
-3.40624 -4.44627 -3.04093 -1.08302  1.73828 0.657717
-3.41353 -4.45156 -3.03783 -1.0751  1.73995 0.65926
-3.42085 -4.45686 -3.03469 -1.06716  1.74164 0.660813
-3.42821 -4.46218 -3.03154 -1.0592  1.74334 0.662377
-3.4356 -4.46751 -3.02836 -1.0512  1.74506 0.66395
-3.44302 -4.47285 -3.02516 -1.04319  1.7468 0.665534
-3.45032 -4.4781 -3.022 -1.03531  1.74851 0.667095
-3.45782 -4.48348 -3.01876 -1.02724  1.75028 0.668698
-3.46535 -4.48887 -3.01549 -1.01915  1.75206 0.670313
-3.47291 -4.49428 -3.0122 -1.01104  1.75386 0.671937
-3.48051 -4.4997 -3.00888 -1.0029  1.75568 0.673572
-3.48815 -4.50514 -3.00555 -0.994731  1.75751 0.675218
-3.49583 -4.5106 -3.00218 -0.986541  1.75936 0.676874
-3.50354 -4.51607 -2.9988 -0.978325  1.76122 0.67854
-3.51113 -4.52146 -2.99546 -0.970252  1.76307 0.680184
-3.51891 -4.52696 -2.99203 -0.961986  1.76497 0.681872
-3.52674 -4.53249 -2.98858 -0.953696  1.76689 0.683571
-3.5346 -4.53803 -2.9851 -0.94538  1.76883 0.685281
-3.54249 -4.54359 -2.9816 -0.937038  1.77078 0.687002
-3.55043 -4.54917 -2.97807 -0.928672  1.77275 0.688735
-3.55841 -4.55477 -2.97453 -0.920281  1.77474 0.690478
-3.56642 -4.56039 -2.97096 -0.911863  1.77675 0.692233
-3.57431 -4.56591 -2.96744 -0.903594  1.77874 0.693963
-3.58241 -4.57157 -2.96383 -0.895128  1.78079 0.695741
-3.59054 -4.57724 -2.96018 -0.886635  1.78285 0.69753
-3.59871 -4.58293 -2.95652 -0.878117  1.78494 0.699331
-3.60693 -4.58865 -2.95283 -0.869573  1.78704 0.701143
-3.61518 -4.59438 -2.94913 -0.861005  1.78917 0.702968
-3.62348 -4.60013 -2.94539 -0.852411  1.79131 0.704803
-3.63181 -4.60591 -2.94163 -0.843789  1.79347 0.706652
-3.64002 -4.61158 -2.93793 -0.835321  1.79562 0.708474
-3.64844 -4.6174 -2.93413 -0.826651  1.79782 0.710346
-3.65691 -4.62324 -2.9303 -0.817955  1.80005 0.71223
-3.66541 -4.6291 -2.92645 -0.809232  1.8023 0.714127
-3.67396 -4.63498 -2.92258 -0.800484  1.80456 0.716035
-3.68255 -4.64088 -2.91868 -0.79171  1.80686 0.717957
-3.69119 -4.6468 -2.91476 -0.78291  1.80917 0.719891
-3.69987 -4.65275 -2.91081 -0.774082  1.8115 0.721838
-3.70841 -4.6586 -2.90693 -0.765412  1.81381 0.723757
-3.71718 -4.66459 -2.90293 -0.756533  1.81619 0.725729
-3.72599 -4.6706 -2.89891 -0.747629  1.81859 0.727714
-3.73484 -4.67664 -2.89487 -0.738698  1.82101 0.729712
-3.74375 -4.6827 -2.89081 -0.729742  1.82346 0.731723
-3.75269 -4.68878 -2.88672 -0.720758  1.82593 0.733748
-3.76169 -4.69489 -2.8826 -0.711748  1.82843 0.735785
-3.77072 -4.70102 -2.87846 -0.70271  1.83094 0.737836
-3.77962 -4.70706 -2.87439 -0.69383  1.83343 0.739859
-3.78876 -4.71324 -2.8702 -0.684741  1.836 0.741937
-3.79794 -4.71945 -2.86599 -0.675623  1.83859 0.744028
-3.80716 -4.72567 -2.86175 -0.666478  1.84121 0.746134
-3.81644 -4.73193 -2.85749 -0.657305  1.84385 0.748253
-3.82576 -4.73821 -2.8532 -0.648108  1.84651 0.750386
-3.83513 -4.74452 -2.84889 -0.638881  1.84921 0.752534
-3.84455 -4.75085 -2.84455 -0.629627  1.85192 0.754695
-3.85382 -4.75708 -2.84027 -0.620533  1.85461 0.756827
-3.86335 -4.76347 -2.83589 -0.611226  1.85738 0.759016
-3.87291 -4.76988 -2.83147 -0.601887  1.86018 0.761222
-3.88253 -4.77632 -2.82704 -0.592523  1.863 0.76344
-3.8922 -4.78278 -2.82257 -0.583129  1.86585 0.765674
-3.90192 -4.78928 -2.81808 -0.573706  1.86873 0.767923
-3.91169 -4.7958 -2.81356 -0.564256  1.87164 0.770187
-3.92151 -4.80234 -2.80902 -0.554776  1.87457 0.772466
-3.93118 -4.80878 -2.80454 -0.545463  1.87747 0.774713
-3.9411 -4.81539 -2.79995 -0.535927  1.88046 0.777022
-3.95108 -4.82202 -2.79532 -0.526361  1.88348 0.779347
-3.96111 -4.82868 -2.79068 -0.516765  1.88653 0.781686
-3.97119 -4.83537 -2.786 -0.507141  1.88961 0.784042
-3.98133 -4.84208 -2.7813 -0.497488  1.89272 0.786413
-3.99152 -4.84883 -2.77657 -0.487804  1.89586 0.788801
-4.00176 -4.85561 -2.77181 -0.47809  1.89903 0.791203
-4.01184 -4.86227 -2.76712 -0.468546  1.90216 0.793573
-4.0222 -4.86911 -2.76231 -0.458772  1.90539 0.796008
-4.0326 -4.87597 -2.75747 -0.448968  1.90866 0.79846
-4.04307 -4.88287 -2.7526 -0.439132  1.91195 0.800928
-4.05358 -4.88979 -2.7477 -0.429267  1.91528 0.803413
-4.06415 -4.89675 -2.74277 -0.41937  1.91863 0.805914
-4.07479 -4.90373 -2.73782 -0.409442  1.92203 0.808433
-4.08547 -4.91075 -2.73283 -0.399482  1.92545 0.810969
-4.09622 -4.91779 -2.72782 -0.38949  1.92891 0.813521
-4.1068 -4.92473 -2.72288 -0.379672  1.93233 0.816038
-4.11765 -4.93183 -2.7178 -0.369617  1.93585 0.818626
-4.12857 -4.93898 -2.7127 -0.35953  1.93941 0.82123
-4.13954 -4.94615 -2.70756 -0.349409  1.943 0.823852
-4.15058 -4.95335 -2.7024 -0.339257  1.94663 0.826492
-4.16167 -4.96059 -2.69721 -0.329071  1.9503 0.82915
-4.17282 -4.96785 -2.69198 -0.318851  1.954 0.831826
-4.18403 -4.97515 -2.68672 -0.308597  1.95773 0.834521
-4.19507 -4.98233 -2.68154 -0.29852  1.96143 0.837178
-4.2064 -4.9897 -2.67622 -0.288201  1.96524 0.839909
-4.21779 -4.99709 -2.67087 -0.277844  1.96908 0.842659
-4.22924 -5.00452 -2.66548 -0.267456  1.97297 0.845427
-4.24075 -5.01198 -2.66006 -0.257031  1.97689 0.848215
-4.25233 -5.01948 -2.65461 -0.246571  1.98085 0.851021
-4.26396 -5.02701 -2.64912 -0.236076  1.98485 0.853847
-4.27566 -5.03456 -2.6436 -0.225544  1.98888 0.856692
-4.28718 -5.04201 -2.63816 -0.215195  1.99288 0.859499
-4.29901 -5.04963 -2.63258 -0.204592  1.99699 0.862384
-4.31089 -5.05729 -2.62695 -0.193952  2.00115 0.865288
-4.32284 -5.06499 -2.62129 -0.183276  2.00534 0.868213
-4.33485 -5.07271 -2.6156 -0.172562  2.00958 0.871157
-4.34693 -5.08047 -2.60987 -0.161811  2.01386 0.874123
-4.35907 -5.08827 -2.6041 -0.151022  2.01818 0.877108
-4.37127 -5.0961 -2.5983 -0.140194  2.02254 0.880115
-4.38329 -5.1038 -2.59258 -0.129551  2.02685 0.88308
-4.39562 -5.11169 -2.5867 -0.118646  2.0313 0.886129
-4.40802 -5.11962 -2.58079 -0.107702  2.03579 0.889198
-4.42049 -5.12758 -2.57483 -0.09672  2.04032 0.89229
-4.43302 -5.13558 -2.56884 -0.0856978  2.0449 0.895402
-4.44562 -5.14361 -2.56281 -0.0746368  2.04952 0.898536
-4.45828 -5.15167 -2.55673 -0.0635321  2.05419 0.901693
-4.47101 -5.15977 -2.55062 -0.0523881  2.0589 0.904871
-4.48354 -5.16774 -2.54459 -0.041431  2.06356 0.908007
-4.49641 -5.1759 -2.53839 -0.0302029  2.06836 0.91123
-4.50933 -5.1841 -2.53215 -0.0189364  2.07321 0.914475
-4.52233 -5.19233 -2.52587 -0.00762451  2.0781 0.917744
-4.5354 -5.20059 -2.51955 0.0037294  2.08304 0.921036
-4.54853 -5.20889 -2.51318 0.0151258  2.08803 0.92435
-4.56173 -5.21723 -2.50677 0.0265663  2.09307 0.927689
-4.575 -5.22559 -2.50032 0.0380505  2.09816 0.931051
-4.58807 -5.23382 -2.49395 0.0493436  2.10319 0.934368
-4.60148 -5.24225 -2.48741 0.0609155  2.10837 0.937777
-4.61495 -5.25072 -2.48081 0.0725318  2.1136 0.94121
-4.62849 -5.25921 -2.47417 0.0841955  2.11888 0.944669
-4.6421 -5.26774 -2.46749 0.0959048  2.12421 0.948151
-4.65578 -5.2763 -2.46075 0.10766  2.1296 0.951659
-4.66954 -5.28489 -2.45397 0.11946  2.13503 0.955191
-4.68336 -5.29352 -2.44713 0.13131  2.14052 0.958749
-4.69697 -5.302 -2.44039 0.142961  2.14594 0.962258
-4.71092 -5.31068 -2.43345 0.154905  2.15153 0.965866
-4.72495 -5.3194 -2.42647 0.166896  2.15717 0.9695
-4.73904 -5.32815 -2.41943 0.178936  2.16286 0.97316
-4.75321 -5.33693 -2.41234 0.191025  2.16861 0.976845
-4.76745 -5.34574 -2.40519 0.203163  2.17441 0.980557
-4.78175 -5.35458 -2.39799 0.215351  2.18026 0.984296
-4.79613 -5.36344 -2.39074 0.227589  2.18617 0.988062
-4.81028 -5.37216 -2.38358 0.239627  2.19201 0.991776
-4.82479 -5.38108 -2.37621 0.251966  2.19802 0.995595
-4.83938 -5.39004 -2.36879 0.264356  2.20409 0.999441
-4.85403 -5.39902 -2.36131 0.276798  2.21022 1.00331
-4.86876 -5.40803 -2.35377 0.289292  2.2164 1.00722
-4.88355 -5.41706 -2.34616 0.301839  2.22264 1.01114
-4.89841 -5.42612 -2.3385 0.314438  2.22894 1.0151
-4.91334 -5.4352 -2.33078 0.327092  2.23529 1.01909
-4.92803 -5.44413 -2.32315 0.33954  2.24156 1.02302
-4.9431 -5.45327 -2.31531 0.3523  2.24803 1.02706
-4.95823 -5.46242 -2.30739 0.365114  2.25455 1.03113
-4.97344 -5.47161 -2.29942 0.377983  2.26113 1.03523
-4.98871 -5.48081 -2.29138 0.390907  2.26777 1.03936
-5.00404 -5.49004 -2.28327 0.403886  2.27446 1.04351
-5.01945 -5.49928 -2.27509 0.416923  2.28121 1.0477
-5.03493 -5.50855 -2.26685 0.430014  2.28803 1.05192
-5.05014 -5.51765 -2.2587 0.442894  2.29475 1.05608
-5.06575 -5.52696 -2.25032 0.456097  2.30168 1.06035
-5.08142 -5.53628 -2.24187 0.469358  2.30867 1.06466
-5.09715 -5.54562 -2.23334 0.482677  2.31571 1.06899
-5.11295 -5.55498 -2.22474 0.496052  2.32282 1.07336
-5.12881 -5.56435 -2.21606 0.509486  2.32998 1.07775
-5.14474 -5.57374 -2.20732 0.522977  2.3372 1.08218
-5.16073 -5.58314 -2.19849 0.536526  2.34448 1.08664
-5.17646 -5.59236 -2.18978 0.549856  2.35167 1.09103
-5.19257 -5.60178 -2.1808 0.563522  2.35907 1.09555
-5.20875 -5.61122 -2.17174 0.577246  2.36653 1.1001
-5.22498 -5.62066 -2.16261 0.591029  2.37404 1.10468
-5.24128 -5.63011 -2.15339 0.604872  2.38162 1.10929
-5.25763 -5.63957 -2.1441 0.618774  2.38925 1.11393
-5.27404 -5.64904 -2.13471 0.632734  2.39694 1.1186
-5.29051 -5.6585 -2.12525 0.646755  2.40469 1.1233
-5.3067 -5.66779 -2.1159 0.660546  2.41234 1.12794
-5.32328 -5.67726 -2.10627 0.674684  2.4202 1.1327
-5.33991 -5.68674 -2.09655 0.688882  2.42813 1.1375
-5.3566 -5.69621 -2.08675 0.703138  2.43611 1.14233
-5.37334 -5.70568 -2.07685 0.717453  2.44414 1.14718
-5.39013 -5.71516 -2.06687 0.731829  2.45224 1.15207
-5.40698 -5.72462 -2.0568 0.746262  2.46039 1.15699
-5.42387 -5.73408 -2.04664 0.760755  2.46859 1.16194
-5.44046 -5.74334 -2.03659 0.77501  2.47668 1.16682
-5.45745 -5.75278 -2.02625 0.789619  2.485 1.17184
-5.47448 -5.76221 -2.01581 0.804285  2.49337 1.17688
-5.49155 -5.77163 -2.00528 0.81901  2.50179 1.18195
-5.50867 -5.78103 -1.99465 0.833793  2.51026 1.18706
-5.52583 -5.79042 -1.98393 0.848631  2.51879 1.19219
-5.54302 -5.7998 -1.97311 0.863528  2.52737 1.19735
-5.56026 -5.80915 -1.96219 0.878482  2.536 1.20255
-5.57718 -5.81829 -1.9514 0.893185  2.54451 1.20766
-5.59449 -5.82761 -1.94029 0.908248  2.55324 1.21292
-5.61183 -5.83689 -1.92907 0.923366  2.56202 1.2182
-5.62921 -5.84615 -1.91776 0.938537  2.57084 1.22351
-5.64661 -5.85539 -1.90635 0.953764  2.57972 1.22884
-5.66405 -5.86459 -1.89483 0.969042  2.58863 1.23421
-5.68151 -5.87376 -1.88321 0.984373  2.5976 1.23961
-5.699 -5.8829 -1.87149 0.999756  2.60661 1.24503
-5.71615 -5.89182 -1.85991 1.01487  2.61547 1.25037
-5.73367 -5.90089 -1.84798 1.03035  2.62456 1.25584
-5.75123 -5.90992 -1.83595 1.04588  2.63369 1.26135
-5.76879 -5.9189 -1.82382 1.06146  2.64286 1.26688
-5.78637 -5.92785 -1.81158 1.07708  2.65206 1.27243
-5.80397 -5.93675 -1.79924 1.09275  2.66131 1.27801
-5.82158 -5.94561 -1.78679 1.10846  2.67059 1.28361
-5.8392 -5.95441 -1.77423 1.12422  2.6799 1.28924
-5.85646 -5.96299 -1.76183 1.13969  2.68905 1.29478
-5.87409 -5.97169 -1.74906 1.15553  2.69842 1.30045
-5.89172 -5.98034 -1.73619 1.17141  2.70782 1.30614
-5.90936 -5.98893 -1.72321 1.18733  2.71725 1.31186
-5.92699 -5.99746 -1.71012 1.20328  2.7267 1.3176
-5.94462 -6.00593 -1.69693 1.21926  2.73618 1.32336
-5.96225 -6.01435 -1.68364 1.23528  2.74568 1.32914
-5.97986 -6.02269 -1.67023 1.25133  2.7552 1.33494
-5.99711 -6.03081 -1.657 1.26708  2.76455 1.34064
-6.0147 -6.03902 -1.64339 1.28319  2.77411 1.34647
-6.03228 -6.04716 -1.62967 1.29933  2.78367 1.35232
-6.04984 -6.05523 -1.61585 1.31549  2.79326 1.35818
-6.06738 -6.06323 -1.60193 1.33167  2.80285 1.36407
-6.0849 -6.07115 -1.58789 1.34787  2.81246 1.36996
-6.1024 -6.07899 -1.57376 1.36409  2.82207 1.37587
-6.11986 -6.08675 -1.55952 1.38033  2.83168 1.38179
-6.13695 -6.09428 -1.54548 1.39626  2.8411 1.3876
-6.15436 -6.10188 -1.53104 1.41252  2.85072 1.39355
-6.17173 -6.1094 -1.51651 1.4288  2.86034 1.3995
-6.18907 -6.11683 -1.50187 1.44508  2.86995 1.40547
-6.20637 -6.12417 -1.48714 1.46137  2.87956 1.41144
