0 0 0 0 0  1 1
0 0 0 0 0  1 1
-8.58332e-06 -1.455e-05 -1.87838e-05 -2.22235e-05 -2.51962e-05  1 0.999985
-1.90748e-05 -3.27384e-05 -4.22645e-05 -5.00052e-05 -5.66964e-05  1 0.999967
-3.38594e-05 -5.82039e-05 -7.51387e-05 -8.88997e-05 -0.000100795  1 0.999941
-5.22232e-05 -9.02069e-05 -0.000116451 -0.000137776 -0.000156208  1 0.999908
-7.53602e-05 -0.000130083 -0.000167925 -0.000198669 -0.000225242  1 0.999868
-0.000102557 -0.000177242 -0.000228797 -0.000270677 -0.00030687  1 0.999819
-0.000134054 -0.000231686 -0.00029907 -0.000353798 -0.000401087  1 0.999764
-0.000169617 -0.00029342 -0.000378746 -0.000448034 -0.000507892  1 0.999701
-0.000209486 -0.000362447 -0.000467829 -0.000553384 -0.000627281  1 0.999631
-0.000253665 -0.000438771 -0.000566322 -0.000669849 -0.00075925  1 0.999553
-0.00030192 -0.000522398 -0.000674229 -0.00079743 -0.000903794  1 0.999468
-0.000353298 -0.000611402 -0.000789065 -0.000933186 -0.00105758  1 0.999378
-0.000409955 -0.000709499 -0.00091562 -0.00108277 -0.001227  1 0.999278
-0.00047094 -0.000814914 -0.0010516 -0.00124348 -0.00140899  1 0.999171
-0.000536019 -0.000927654 -0.00119702 -0.0014153 -0.00160352  1 0.999056
-0.000605438 -0.00104773 -0.00135187 -0.00159824 -0.00181061  1 0.998934
-0.000679203 -0.00117514 -0.00151617 -0.0017923 -0.00203024  1 0.998805
-0.00075708 -0.0013099 -0.00168992 -0.00199749 -0.0022624  1 0.998668
-0.000839315 -0.00145201 -0.00187312 -0.00221379 -0.00250709  1 0.998524
-0.00092376 -0.00159837 -0.00206177 -0.00243647 -0.00275892  1 0.998376
-0.00101449 -0.00175507 -0.00226371 -0.00267479 -0.00302838  1 0.998217
-0.00110937 -0.00191915 -0.00247514 -0.00292424 -0.00331034  1 0.998051
-0.00120864 -0.00209063 -0.00269606 -0.00318481 -0.0036048  1 0.997877
-0.00131207 -0.00226951 -0.00292647 -0.00345652 -0.00391173  1 0.997696
-0.00142014 -0.0024558 -0.00316639 -0.00373935 -0.00423114  1 0.997508
-0.00153215 -0.00264953 -0.00341582 -0.00403331 -0.00456302  1 0.997312
-0.00164859 -0.00285069 -0.00367478 -0.0043384 -0.00490734  1 0.997108
-0.00176705 -0.00305496 -0.00393769 -0.00464806 -0.0052567  1 0.996902
-0.00189213 -0.00327088 -0.00421553 -0.0049752 -0.00562563  1 0.996684
-0.00202168 -0.00349427 -0.00450293 -0.00531346 -0.00600699  1 0.996459
-0.00215544 -0.00372516 -0.00479989 -0.00566287 -0.00640075  1 0.996227
-0.0022937 -0.00396354 -0.00510643 -0.00602341 -0.0068069  1.00001 0.995987
-0.0024362 -0.00420945 -0.00542255 -0.0063951 -0.00722543  1.00001 0.995739
-0.00258321 -0.00446288 -0.00574828 -0.00677793 -0.00765632  1.00001 0.995484
-0.00273474 -0.00472387 -0.00608363 -0.0071719 -0.00809957  1.00001 0.995222
-0.0028874 -0.00498686 -0.00642146 -0.00756864 -0.00854573  1.00001 0.994958
-0.00304753 -0.00526283 -0.00677587 -0.00798468 -0.00901337  1.00001 0.994682
-0.00321221 -0.0055464 -0.00713994 -0.00841187 -0.00949334  1.00001 0.994397
-0.00338146 -0.00583759 -0.00751368 -0.00885022 -0.00998559  1.00001 0.994106
-0.00355507 -0.00613641 -0.0078971 -0.00929972 -0.0104901  1.00001 0.993807
-0.00373327 -0.00644288 -0.00829021 -0.00976037 -0.0110069  1.00001 0.993501
-0.00391585 -0.00675701 -0.00869304 -0.0102322 -0.0115359  1.00001 0.993187
-0.00410306 -0.00707883 -0.00910559 -0.0107152 -0.0120772  1.00002 0.992866
-0.00429099 -0.00740156 -0.00951918 -0.0111991 -0.0126192  1.00002 0.992544
-0.00448728 -0.00773866 -0.00995102 -0.0117042 -0.0131846  1.00002 0.992209
-0.004688 -0.00808351 -0.0103927 -0.0122204 -0.0137622  1.00002 0.991866
-0.00489343 -0.00843612 -0.0108441 -0.0127479 -0.014352  1.00002 0.991516
-0.00510332 -0.00879652 -0.0113053 -0.0132865 -0.0149538  1.00002 0.991158
-0.00531795 -0.00916473 -0.0117764 -0.0138363 -0.0155678  1.00003 0.990793
-0.00553734 -0.00954077 -0.0122573 -0.0143972 -0.0161939  1.00003 0.990421
-0.00576126 -0.00992467 -0.0127481 -0.0149693 -0.0168321  1.00003 0.990041
-0.00598525 -0.0103084 -0.0132384 -0.0155407 -0.0174689  1.00003 0.989662
-0.00621851 -0.0107079 -0.0137488 -0.016135 -0.0181309  1.00004 0.989268
-0.00645636 -0.0111153 -0.014269 -0.0167404 -0.0188049  1.00004 0.988866
-0.00669906 -0.0115307 -0.0147993 -0.0173571 -0.019491  1.00004 0.988457
-0.00694662 -0.0119541 -0.0153394 -0.017985 -0.020189  1.00004 0.988041
-0.00719884 -0.0123854 -0.0158896 -0.0186241 -0.0208989  1.00005 0.987618
-0.00745596 -0.0128248 -0.0164498 -0.0192744 -0.0216208  1.00005 0.987187
-0.00771778 -0.0132723 -0.0170199 -0.0199359 -0.0223546  1.00005 0.986749
-0.007979 -0.0137184 -0.0175882 -0.0205948 -0.0230849  1.00006 0.986312
-0.00825049 -0.0141819 -0.0181783 -0.0212785 -0.0238422  1.00006 0.985859
-0.00852674 -0.0146535 -0.0187785 -0.0219734 -0.0246114  1.00007 0.985399
-0.008808 -0.0151332 -0.0193888 -0.0226796 -0.0253923  1.00007 0.984932
-0.00909429 -0.0156212 -0.0200093 -0.0233969 -0.026185  1.00007 0.984457
-0.00938542 -0.0161173 -0.0206399 -0.0241256 -0.0269895  1.00008 0.983976
-0.00968163 -0.0166217 -0.0212807 -0.0248654 -0.0278057  1.00008 0.983486
-0.00998272 -0.0171344 -0.0219316 -0.0256165 -0.0286337  1.00009 0.98299
-0.0102826 -0.0176447 -0.0225793 -0.0263632 -0.0294561  1.00009 0.982496
-0.0105935 -0.0181738 -0.0232505 -0.0271366 -0.0303072  1.0001 0.981985
-0.0109098 -0.0187113 -0.0239321 -0.0279212 -0.0311699  1.00011 0.981467
-0.011231 -0.0192573 -0.024624 -0.0287171 -0.0320442  1.00011 0.980942
-0.0115573 -0.0198116 -0.0253262 -0.0295243 -0.0329301  1.00012 0.980409
-0.0118889 -0.0203744 -0.0260387 -0.0303427 -0.0338275  1.00012 0.979869
-0.0122255 -0.0209457 -0.0267617 -0.0311724 -0.0347365  1.00013 0.979321
-0.0125674 -0.0215256 -0.027495 -0.0320134 -0.035657  1.00014 0.978767
-0.0129074 -0.0221019 -0.0282235 -0.0328482 -0.0365699  1.00015 0.978216
-0.0132595 -0.0226987 -0.0289776 -0.0337116 -0.037513  1.00015 0.977648
-0.013617 -0.0233042 -0.0297422 -0.0345862 -0.0384676  1.00016 0.977071
-0.0139799 -0.0239183 -0.0305173 -0.0354721 -0.0394336  1.00017 0.976488
-0.0143481 -0.0245412 -0.0313029 -0.0363694 -0.040411  1.00018 0.975897
-0.0147215 -0.0251727 -0.0320992 -0.037278 -0.0413997  1.00019 0.975299
-0.0151004 -0.0258131 -0.032906 -0.0381979 -0.0423997  1.0002 0.974694
-0.0154848 -0.0264622 -0.0337235 -0.0391292 -0.0434109  1.00021 0.974082
-0.0158665 -0.0271067 -0.0345347 -0.0400524 -0.0444124  1.00022 0.973475
-0.0162616 -0.0277734 -0.0353734 -0.041006 -0.0454459  1.00023 0.972848
-0.0166621 -0.0284491 -0.0362228 -0.0419711 -0.0464906  1.00024 0.972215
-0.0170682 -0.0291337 -0.037083 -0.0429474 -0.0475464  1.00025 0.971574
-0.0174801 -0.0298273 -0.037954 -0.0439352 -0.0486134  1.00026 0.970925
-0.0178972 -0.0305299 -0.0388358 -0.0449343 -0.0496914  1.00027 0.97027
-0.0183203 -0.0312417 -0.0397285 -0.0459448 -0.0507805  1.00028 0.969607
-0.0187487 -0.0319625 -0.0406321 -0.0469667 -0.0518806  1.00029 0.968938
-0.019174 -0.0326776 -0.0415279 -0.0479787 -0.052969  1.00031 0.968275
-0.0196138 -0.0334166 -0.0424532 -0.0490232 -0.0540908  1.00032 0.967591
-0.0200595 -0.0341649 -0.0433895 -0.050079 -0.0552236  1.00033 0.9669
-0.0205108 -0.0349225 -0.0443368 -0.0511463 -0.0563673  1.00035 0.966202
-0.0209681 -0.0356894 -0.0452953 -0.0522249 -0.0575218  1.00036 0.965496
-0.0214312 -0.0364657 -0.0462648 -0.053315 -0.0586872  1.00038 0.964784
-0.0219 -0.0372514 -0.0472454 -0.0544166 -0.0598634  1.00039 0.964064
-0.0223749 -0.0380466 -0.0482373 -0.0555296 -0.0610504  1.00041 0.963338
-0.0228457 -0.0388348 -0.0492198 -0.056631 -0.0622236  1.00043 0.962618
-0.0233323 -0.0396488 -0.0502339 -0.0577667 -0.0634317  1.00044 0.961878
-0.023825 -0.0404725 -0.0512593 -0.0589138 -0.0646505  1.00046 0.96113
-0.0243237 -0.0413058 -0.0522961 -0.0600724 -0.06588  1.00048 0.960375
-0.0248284 -0.0421487 -0.0533442 -0.0612425 -0.0671201  1.0005 0.959613
-0.0253393 -0.0430015 -0.0544037 -0.0624242 -0.0683707  1.00052 0.958844
-0.0258563 -0.043864 -0.0554747 -0.0636173 -0.0696319  1.00054 0.958068
-0.0263797 -0.0447364 -0.0565572 -0.064822 -0.0709035  1.00056 0.957285
-0.0268982 -0.0456005 -0.0576288 -0.0660133 -0.0721594  1.00058 0.95651
-0.0274338 -0.0464925 -0.0587341 -0.0672408 -0.0734517  1.0006 0.955713
-0.0279756 -0.0473945 -0.059851 -0.0684798 -0.0747544  1.00062 0.954909
-0.028524 -0.0483065 -0.0609797 -0.0697304 -0.0760675  1.00064 0.954098
-0.0290786 -0.0492285 -0.0621199 -0.0709926 -0.0773909  1.00067 0.95328
-0.0296395 -0.0501608 -0.063272 -0.0722664 -0.0787246  1.00069 0.952454
-0.030207 -0.0511032 -0.0644358 -0.0735517 -0.0800685  1.00072 0.951622
-0.0307809 -0.0520558 -0.0656115 -0.0748487 -0.0814227  1.00074 0.950783
-0.0313496 -0.052999 -0.0667747 -0.0761305 -0.082759  1.00077 0.949954
-0.0319364 -0.053972 -0.0679738 -0.0774505 -0.0841333  1.00079 0.9491
-0.03253 -0.0549555 -0.069185 -0.0787821 -0.0855177  1.00082 0.948241
-0.0331301 -0.0559494 -0.0704081 -0.0801254 -0.0869121  1.00085 0.947373
-0.0337369 -0.0569538 -0.0716433 -0.0814804 -0.0883166  1.00087 0.9465
-0.0343505 -0.0579687 -0.0728905 -0.082847 -0.089731  1.0009 0.945619
-0.0349709 -0.0589943 -0.07415 -0.0842253 -0.0911554  1.00093 0.944731
-0.0355979 -0.0600306 -0.0754216 -0.0856154 -0.0925898  1.00096 0.943836
-0.0362189 -0.0610561 -0.0766791 -0.0869884 -0.0940045  1.001 0.942953
-0.0368598 -0.0621136 -0.0779749 -0.0884016 -0.0954583  1.00103 0.942045
-0.0375075 -0.063182 -0.0792831 -0.0898266 -0.0969221  1.00106 0.94113
-0.0381621 -0.0642613 -0.0806036 -0.0912633 -0.0983955  1.00109 0.940208
-0.0388236 -0.0653515 -0.0819365 -0.0927119 -0.0998787  1.00113 0.939279
-0.0394924 -0.0664528 -0.083282 -0.0941722 -0.101372  1.00116 0.938343
-0.0401683 -0.0675651 -0.08464 -0.0956444 -0.102874  1.0012 0.9374
-0.0408512 -0.0686886 -0.0860105 -0.0971283 -0.104386  1.00124 0.936451
-0.0415272 -0.0698 -0.0873652 -0.0985934 -0.105877  1.00127 0.935515
-0.0422243 -0.0709456 -0.0887608 -0.100101 -0.107408  1.00131 0.934552
-0.0429289 -0.0721027 -0.0901691 -0.10162 -0.108949  1.00135 0.933582
-0.0436408 -0.0732711 -0.0915902 -0.103151 -0.110499  1.00139 0.932606
-0.0443599 -0.0744509 -0.093024 -0.104694 -0.112059  1.00143 0.931623
-0.0450865 -0.0756422 -0.0944707 -0.106249 -0.113628  1.00147 0.930633
-0.0458203 -0.0768451 -0.0959304 -0.107816 -0.115206  1.00152 0.929636
-0.046562 -0.0780595 -0.0974031 -0.109395 -0.116794  1.00156 0.928633
-0.0472958 -0.0792607 -0.0988583 -0.110953 -0.118358  1.0016 0.927643
-0.0480524 -0.0804984 -0.100357 -0.112556 -0.119964  1.00165 0.926627
-0.0488165 -0.0817479 -0.101869 -0.11417 -0.12158  1.0017 0.925604
-0.0495883 -0.0830094 -0.103393 -0.115797 -0.123204  1.00174 0.924574
-0.0503678 -0.0842828 -0.104931 -0.117435 -0.124838  1.00179 0.923537
-0.0511553 -0.0855682 -0.106483 -0.119086 -0.126481  1.00184 0.922494
-0.0519506 -0.0868658 -0.108048 -0.120749 -0.128133  1.00189 0.921444
-0.0527534 -0.0881755 -0.109626 -0.122423 -0.129794  1.00194 0.920387
-0.0535646 -0.0894974 -0.111218 -0.12411 -0.131464  1.002 0.919324
-0.0543666 -0.0908043 -0.11279 -0.125775 -0.133108  1.00205 0.918276
-0.0551934 -0.0921506 -0.114409 -0.127486 -0.134796  1.0021 0.9172
-0.0560285 -0.0935094 -0.116041 -0.129209 -0.136492  1.00216 0.916117
-0.0568715 -0.0948807 -0.117687 -0.130944 -0.138198  1.00222 0.915028
-0.0577226 -0.0962645 -0.119347 -0.132692 -0.139912  1.00227 0.913933
-0.0585822 -0.0976611 -0.12102 -0.134452 -0.141635  1.00233 0.912831
-0.05945 -0.0990704 -0.122708 -0.136224 -0.143367  1.00239 0.911721
-0.0603258 -0.100492 -0.12441 -0.138008 -0.145107  1.00245 0.910606
-0.0611921 -0.101898 -0.12609 -0.139768 -0.146821  1.00252 0.909508
-0.0620849 -0.103346 -0.127819 -0.141577 -0.148578  1.00258 0.90838
-0.0629861 -0.104806 -0.129563 -0.143398 -0.150345  1.00264 0.907245
-0.0638956 -0.10628 -0.131321 -0.145231 -0.15212  1.00271 0.906104
-0.0648139 -0.107767 -0.133093 -0.147077 -0.153903  1.00278 0.904957
-0.0657409 -0.109267 -0.134879 -0.148936 -0.155695  1.00285 0.903804
-0.0666764 -0.110781 -0.13668 -0.150806 -0.157495  1.00292 0.902644
-0.067621 -0.112308 -0.138495 -0.15269 -0.159304  1.00299 0.901478
-0.0685546 -0.113816 -0.140287 -0.154547 -0.161084  1.00306 0.900329
-0.0695165 -0.11537 -0.142131 -0.156455 -0.16291  1.00313 0.89915
-0.0704873 -0.116938 -0.14399 -0.158375 -0.164744  1.00321 0.897965
-0.0714671 -0.118519 -0.145864 -0.160309 -0.166586  1.00328 0.896774
-0.0724558 -0.120113 -0.147752 -0.162254 -0.168436  1.00336 0.895576
-0.0734536 -0.121722 -0.149656 -0.164213 -0.170295  1.00344 0.894372
-0.0744606 -0.123345 -0.151574 -0.166184 -0.172162  1.00352 0.893162
-0.0754768 -0.124982 -0.153507 -0.168168 -0.174037  1.0036 0.891946
-0.0764811 -0.126599 -0.155416 -0.170124 -0.175881  1.00368 0.890748
-0.0775158 -0.128264 -0.157379 -0.172133 -0.177772  1.00377 0.88952
-0.0785596 -0.129943 -0.159357 -0.174155 -0.179672  1.00386 0.888285
-0.0796131 -0.131637 -0.161351 -0.176189 -0.181579  1.00394 0.887044
-0.080676 -0.133345 -0.16336 -0.178237 -0.183494  1.00403 0.885797
-0.0817482 -0.135068 -0.165385 -0.180297 -0.185417  1.00412 0.884544
-0.0828304 -0.136805 -0.167425 -0.182371 -0.187349  1.00421 0.883285
-0.0839219 -0.138557 -0.169481 -0.184457 -0.189288  1.00431 0.88202
-0.0850008 -0.140288 -0.17151 -0.186513 -0.191195  1.0044 0.880775
-0.0861117 -0.142069 -0.173597 -0.188625 -0.19315  1.0045 0.879498
-0.0872326 -0.143866 -0.1757 -0.19075 -0.195112  1.0046 0.878215
-0.0883634 -0.145677 -0.177819 -0.192889 -0.197083  1.0047 0.876926
-0.0895042 -0.147504 -0.179954 -0.19504 -0.199061  1.0048 0.875631
-0.0906548 -0.149347 -0.182105 -0.197204 -0.201047  1.0049 0.87433
-0.0918158 -0.151204 -0.184272 -0.199382 -0.203041  1.00501 0.873024
-0.0929868 -0.153077 -0.186456 -0.201573 -0.205042  1.00511 0.871711
-0.0941438 -0.154927 -0.18861 -0.203732 -0.20701  1.00522 0.87042
-0.0953352 -0.156831 -0.190826 -0.205949 -0.209027  1.00533 0.869095
-0.0965369 -0.158751 -0.193059 -0.208179 -0.211051  1.00544 0.867765
-0.097749 -0.160687 -0.195307 -0.210423 -0.213083  1.00555 0.86643
-0.0989717 -0.162638 -0.197573 -0.212681 -0.215122  1.00567 0.865088
-0.100205 -0.164606 -0.199855 -0.214952 -0.217169  1.00579 0.863741
-0.101449 -0.16659 -0.202155 -0.217236 -0.219224  1.0059 0.862387
-0.102703 -0.16859 -0.204471 -0.219534 -0.221286  1.00603 0.861028
-0.103943 -0.170565 -0.206756 -0.221798 -0.223313  1.00615 0.859692
-0.105218 -0.172598 -0.209106 -0.224123 -0.22539  1.00627 0.858322
-0.106505 -0.174647 -0.211473 -0.226461 -0.227474  1.0064 0.856946
-0.107803 -0.176713 -0.213858 -0.228813 -0.229566  1.00652 0.855565
-0.109112 -0.178796 -0.21626 -0.231179 -0.231665  1.00665 0.854178
-0.110432 -0.180895 -0.218679 -0.233559 -0.233772  1.00679 0.852786
-0.111763 -0.183012 -0.221116 -0.235953 -0.235885  1.00692 0.851387
-0.113105 -0.185146 -0.223571 -0.23836 -0.238007  1.00706 0.849984
-0.114431 -0.187253 -0.225992 -0.240732 -0.240092  1.00719 0.848604
-0.115796 -0.189421 -0.228482 -0.243168 -0.242227  1.00733 0.847189
-0.117172 -0.191606 -0.23099 -0.245617 -0.24437  1.00747 0.84577
-0.11856 -0.193809 -0.233516 -0.24808 -0.246521  1.00762 0.844344
-0.119959 -0.19603 -0.23606 -0.250558 -0.248678  1.00776 0.842913
-0.121371 -0.198268 -0.238622 -0.25305 -0.250843  1.00791 0.841477
-0.122794 -0.200524 -0.241203 -0.255556 -0.253015  1.00806 0.840036
-0.124228 -0.202799 -0.243802 -0.258076 -0.255194  1.00821 0.838589
-0.125646 -0.205044 -0.246366 -0.260559 -0.257336  1.00837 0.837167
-0.127104 -0.207354 -0.249002 -0.263108 -0.259529  1.00852 0.835709
-0.128575 -0.209683 -0.251656 -0.265671 -0.26173  1.00868 0.834246
-0.130057 -0.21203 -0.25433 -0.268249 -0.263938  1.00884 0.832779
-0.131552 -0.214396 -0.257023 -0.270842 -0.266153  1.00901 0.831306
-0.13306 -0.216781 -0.259734 -0.273449 -0.268375  1.00917 0.829827
-0.134579 -0.219184 -0.262465 -0.276071 -0.270605  1.00934 0.828344
-0.136112 -0.221606 -0.265215 -0.278708 -0.272841  1.00951 0.826855
-0.137625 -0.223998 -0.267928 -0.281305 -0.275039  1.00968 0.825393
-0.139182 -0.226458 -0.270717 -0.283971 -0.27729  1.00986 0.823894
-0.140752 -0.228938 -0.273525 -0.286652 -0.279547  1.01003 0.82239
-0.142334 -0.231437 -0.276354 -0.289348 -0.281812  1.01021 0.820881
-0.14393 -0.233956 -0.279202 -0.292059 -0.284084  1.0104 0.819368
-0.145539 -0.236494 -0.28207 -0.294786 -0.286363  1.01058 0.817849
-0.14716 -0.239053 -0.284958 -0.297527 -0.28865  1.01077 0.816325
-0.148795 -0.241631 -0.287866 -0.300284 -0.290943  1.01096 0.814797
-0.15041 -0.244177 -0.290735 -0.303 -0.293196  1.01115 0.813295
-0.152071 -0.246795 -0.293684 -0.305787 -0.295504  1.01135 0.811756
-0.153745 -0.249434 -0.296653 -0.30859 -0.297818  1.01154 0.810213
-0.155434 -0.252094 -0.299643 -0.311408 -0.30014  1.01174 0.808665
-0.157136 -0.254774 -0.302655 -0.314243 -0.302469  1.01195 0.807112
-0.158851 -0.257475 -0.305687 -0.317093 -0.304805  1.01215 0.805555
-0.16058 -0.260197 -0.30874 -0.319958 -0.307148  1.01236 0.803992
-0.162324 -0.26294 -0.311814 -0.32284 -0.309499  1.01257 0.802425
-0.164045 -0.265648 -0.314847 -0.325678 -0.311808  1.01278 0.800886
-0.165816 -0.268434 -0.317963 -0.328592 -0.314172  1.013 0.799309
-0.167601 -0.271241 -0.321102 -0.331521 -0.316544  1.01322 0.797728
-0.169401 -0.27407 -0.324262 -0.334467 -0.318923  1.01345 0.796143
-0.171215 -0.276921 -0.327444 -0.337429 -0.321309  1.01367 0.794552
-0.173043 -0.279793 -0.330649 -0.340407 -0.323702  1.0139 0.792958
-0.174886 -0.282688 -0.333875 -0.343402 -0.326103  1.01413 0.791358
-0.176744 -0.285606 -0.337124 -0.346414 -0.328511  1.01437 0.789755
-0.178578 -0.288486 -0.340328 -0.34938 -0.330877  1.0146 0.788179
-0.180465 -0.291448 -0.343622 -0.352425 -0.333299  1.01484 0.786566
-0.182367 -0.294433 -0.346938 -0.355486 -0.335729  1.01509 0.784949
-0.184285 -0.297441 -0.350277 -0.358564 -0.338166  1.01533 0.783328
-0.186217 -0.300472 -0.35364 -0.36166 -0.34061  1.01558 0.781702
-0.188165 -0.303527 -0.357025 -0.364772 -0.343062  1.01584 0.780071
-0.190129 -0.306605 -0.360434 -0.367902 -0.345521  1.01609 0.778437
-0.192107 -0.309706 -0.363867 -0.371049 -0.347988  1.01635 0.776798
-0.194061 -0.312768 -0.367253 -0.374149 -0.350412  1.01661 0.775188
-0.196071 -0.315917 -0.370732 -0.377331 -0.352894  1.01688 0.77354
-0.198097 -0.319091 -0.374236 -0.38053 -0.355383  1.01715 0.771889
-0.200139 -0.322289 -0.377764 -0.383747 -0.35788  1.01742 0.770233
-0.202197 -0.325511 -0.381316 -0.386982 -0.360384  1.0177 0.768573
-0.204272 -0.328758 -0.384893 -0.390235 -0.362896  1.01798 0.766909
-0.206363 -0.33203 -0.388495 -0.393506 -0.365416  1.01826 0.76524
-0.20847 -0.335328 -0.392121 -0.396796 -0.367944  1.01855 0.763568
-0.21055 -0.338582 -0.395698 -0.400036 -0.370428  1.01884 0.761926
-0.212691 -0.34193 -0.399375 -0.403362 -0.372971  1.01913 0.760245
-0.214848 -0.345304 -0.403077 -0.406706 -0.375522  1.01943 0.758561
-0.217022 -0.348703 -0.406804 -0.41007 -0.378081  1.01973 0.756872
-0.219214 -0.352128 -0.410557 -0.413452 -0.380648  1.02004 0.75518
-0.221422 -0.35558 -0.414337 -0.416853 -0.383223  1.02035 0.753483
-0.223649 -0.359059 -0.418142 -0.420273 -0.385806  1.02066 0.751783
-0.225892 -0.362564 -0.421974 -0.423712 -0.388398  1.02098 0.750078
-0.228107 -0.366023 -0.425754 -0.4271 -0.390944  1.02129 0.748405
-0.230386 -0.369582 -0.429638 -0.430578 -0.393552  1.02162 0.746693
-0.232683 -0.373168 -0.43355 -0.434075 -0.396168  1.02195 0.744977
-0.234998 -0.376782 -0.437489 -0.437593 -0.398792  1.02228 0.743258
-0.237331 -0.380424 -0.441456 -0.44113 -0.401426  1.02262 0.741534
-0.239682 -0.384093 -0.44545 -0.444688 -0.404067  1.02296 0.739807
-0.242053 -0.387791 -0.449471 -0.448265 -0.406718  1.02331 0.738076
-0.244441 -0.391518 -0.453521 -0.451863 -0.409377  1.02366 0.736341
-0.246799 -0.395196 -0.457516 -0.455408 -0.41199  1.024 0.734638
-0.249226 -0.398979 -0.461622 -0.459047 -0.414667  1.02436 0.732896
-0.251671 -0.402792 -0.465757 -0.462707 -0.417352  1.02473 0.731151
-0.254136 -0.406634 -0.46992 -0.466388 -0.420047  1.02509 0.729402
-0.25662 -0.410507 -0.474114 -0.47009 -0.422751  1.02547 0.727648
-0.259124 -0.414409 -0.478336 -0.473813 -0.425464  1.02584 0.725892
-0.261648 -0.418341 -0.482588 -0.477559 -0.428186  1.02622 0.724132
-0.264191 -0.422303 -0.48687 -0.481325 -0.430918  1.02661 0.722368
-0.266703 -0.426215 -0.491094 -0.485037 -0.433603  1.02699 0.720637
-0.269286 -0.430239 -0.495436 -0.488847 -0.436354  1.02739 0.718867
-0.271891 -0.434294 -0.499809 -0.49268 -0.439115  1.02779 0.717093
-0.274516 -0.438381 -0.504213 -0.496535 -0.441885  1.02819 0.715315
-0.277161 -0.4425 -0.508648 -0.500414 -0.444666  1.0286 0.713534
-0.279828 -0.446651 -0.513115 -0.504315 -0.447456  1.02902 0.71175
-0.282516 -0.450834 -0.517613 -0.508239 -0.450257  1.02944 0.709962
-0.285226 -0.455049 -0.522143 -0.512187 -0.453068  1.02986 0.708171
-0.287957 -0.459299 -0.526706 -0.516158 -0.45589  1.03029 0.706376
-0.290653 -0.463493 -0.531207 -0.520071 -0.458664  1.03072 0.704615
-0.293427 -0.467808 -0.535835 -0.52409 -0.461507  1.03116 0.702814
-0.296224 -0.472157 -0.540495 -0.528132 -0.46436  1.0316 0.701009
-0.299043 -0.47654 -0.54519 -0.532199 -0.467225  1.03206 0.699201
-0.301884 -0.480958 -0.549918 -0.536291 -0.470101  1.03251 0.69739
-0.304749 -0.485411 -0.554681 -0.540408 -0.472988  1.03297 0.695575
-0.307636 -0.489899 -0.559478 -0.54455 -0.475886  1.03344 0.693757
-0.310547 -0.494422 -0.564309 -0.548717 -0.478797  1.03392 0.691936
-0.313421 -0.498888 -0.569077 -0.552825 -0.481659  1.03439 0.690149
-0.316378 -0.503483 -0.573978 -0.557043 -0.484593  1.03487 0.688322
-0.31936 -0.508115 -0.578915 -0.561288 -0.487538  1.03536 0.686491
-0.322365 -0.512783 -0.583889 -0.56556 -0.490497  1.03586 0.684657
-0.325395 -0.517489 -0.5889 -0.569858 -0.493467  1.03636 0.68282
-0.328449 -0.522232 -0.593947 -0.574183 -0.496451  1.03687 0.68098
-0.331528 -0.527014 -0.599031 -0.578536 -0.499447  1.03739 0.679136
-0.334633 -0.531834 -0.604153 -0.582916 -0.502456  1.03791 0.677289
-0.337699 -0.536593 -0.609208 -0.587234 -0.505417  1.03843 0.675478
-0.340854 -0.54149 -0.614406 -0.59167 -0.508453  1.03896 0.673624
-0.344034 -0.546427 -0.619642 -0.596135 -0.511503  1.0395 0.671768
-0.347241 -0.551404 -0.624918 -0.600628 -0.514566  1.04005 0.669909
-0.350475 -0.556422 -0.630234 -0.605151 -0.517644  1.0406 0.668047
-0.353735 -0.56148 -0.635589 -0.609703 -0.520736  1.04117 0.666181
-0.357022 -0.56658 -0.640986 -0.614286 -0.523843  1.04173 0.664313
-0.360337 -0.571721 -0.646423 -0.618898 -0.526964  1.04231 0.662441
-0.36361 -0.576798 -0.65179 -0.623447 -0.530036  1.04288 0.660604
-0.36698 -0.582024 -0.657309 -0.62812 -0.533188  1.04347 0.658726
-0.370377 -0.587293 -0.662871 -0.632826 -0.536355  1.04407 0.656845
-0.373803 -0.592606 -0.668477 -0.637563 -0.539539  1.04467 0.654961
-0.377258 -0.597962 -0.674125 -0.642332 -0.542738  1.04528 0.653074
-0.380742 -0.603364 -0.679817 -0.647134 -0.545954  1.0459 0.651183
-0.384256 -0.60881 -0.685554 -0.651969 -0.549187  1.04653 0.64929
-0.387799 -0.614302 -0.691335 -0.656837 -0.552437  1.04716 0.647393
-0.391299 -0.619727 -0.697043 -0.661639 -0.555637  1.04779 0.645532
-0.394903 -0.625312 -0.702914 -0.666575 -0.558922  1.04844 0.643629
-0.398537 -0.630943 -0.708833 -0.671546 -0.562224  1.0491 0.641723
-0.402202 -0.636622 -0.714799 -0.676552 -0.565545  1.04977 0.639814
-0.405899 -0.64235 -0.720812 -0.681594 -0.568884  1.05045 0.637901
-0.409628 -0.648127 -0.726873 -0.686672 -0.572244  1.05113 0.635986
-0.413389 -0.653954 -0.732984 -0.691788 -0.575622  1.05182 0.634067
-0.417183 -0.659831 -0.739144 -0.69694 -0.57902  1.05253 0.632145
-0.420932 -0.665638 -0.745227 -0.702024 -0.582369  1.05322 0.630259
-0.424792 -0.671616 -0.751487 -0.707251 -0.585807  1.05394 0.628331
-0.428686 -0.677647 -0.757798 -0.712518 -0.589267  1.05467 0.626399
-0.432615 -0.68373 -0.764162 -0.717825 -0.592747  1.05541 0.624464
-0.436579 -0.689867 -0.770579 -0.723171 -0.596251  1.05616 0.622526
-0.440578 -0.696059 -0.777049 -0.728558 -0.599776  1.05692 0.620584
-0.444612 -0.702305 -0.783574 -0.733987 -0.603324  1.05769 0.61864
-0.448683 -0.708607 -0.790153 -0.739457 -0.606895  1.05846 0.616691
-0.452706 -0.714836 -0.796653 -0.744858 -0.610417  1.05924 0.61478
-0.456851 -0.721251 -0.803344 -0.750413 -0.614036  1.06003 0.612825
-0.461033 -0.727724 -0.810093 -0.756013 -0.617679  1.06084 0.610866
-0.465253 -0.734256 -0.8169 -0.761657 -0.621348  1.06166 0.608905
-0.469512 -0.740847 -0.823765 -0.767346 -0.625043  1.06249 0.606939
-0.473811 -0.7475 -0.830692 -0.773083 -0.628765  1.06334 0.604971
-0.47815 -0.754214 -0.83768 -0.778866 -0.632513  1.06419 0.602998
-0.482528 -0.76099 -0.844729 -0.784697 -0.636289  1.06505 0.601022
-0.486858 -0.767689 -0.851696 -0.790455 -0.640015  1.06591 0.599083
-0.491319 -0.774591 -0.858871 -0.796383 -0.643847  1.0668 0.597099
-0.495823 -0.781559 -0.86611 -0.802361 -0.647709  1.0677 0.595112
-0.500369 -0.788593 -0.873416 -0.808391 -0.651601  1.06861 0.593121
-0.504959 -0.795695 -0.880789 -0.814472 -0.655524  1.06954 0.591127
-0.509594 -0.802864 -0.88823 -0.820607 -0.659478  1.07047 0.589128
-0.514273 -0.810103 -0.89574 -0.826795 -0.663465  1.07142 0.587126
-0.518999 -0.817413 -0.90332 -0.833039 -0.667485  1.07239 0.585119
-0.523673 -0.824643 -0.910816 -0.839209 -0.671455  1.07335 0.58315
-0.528491 -0.832096 -0.91854 -0.845565 -0.675543  1.07434 0.581135
-0.533358 -0.839623 -0.926338 -0.851979 -0.679666  1.07534 0.579116
-0.538273 -0.847225 -0.934211 -0.858453 -0.683826  1.07636 0.577093
-0.543237 -0.854904 -0.94216 -0.864987 -0.688022  1.0774 0.575066
-0.548253 -0.862661 -0.950189 -0.871582 -0.692258  1.07845 0.573034
-0.553319 -0.870497 -0.958297 -0.878241 -0.696532  1.07951 0.570998
-0.558439 -0.878415 -0.966486 -0.884964 -0.700846  1.08059 0.568958
-0.563505 -0.88625 -0.974588 -0.891614 -0.705113  1.08167 0.566954
-0.56873 -0.894332 -0.982942 -0.898469 -0.70951  1.08278 0.564904
-0.574011 -0.902498 -0.991383 -0.905392 -0.71395  1.08391 0.562849
-0.579348 -0.910752 -0.999911 -0.912385 -0.718435  1.08505 0.560789
-0.584742 -0.919095 -1.00853 -0.91945 -0.722966  1.08622 0.558724
-0.590195 -0.927527 -1.01724 -0.926587 -0.727543  1.0874 0.556655
-0.595707 -0.936052 -1.02604 -0.9338 -0.732169  1.0886 0.55458
-0.601279 -0.944671 -1.03493 -0.941089 -0.736844  1.08982 0.552499
-0.606798 -0.953206 -1.04374 -0.948304 -0.741473  1.09103 0.550456
-0.612495 -0.962017 -1.05283 -0.95575 -0.74625  1.09228 0.548364
-0.618257 -0.970927 -1.06202 -0.963278 -0.751081  1.09356 0.546267
-0.624083 -0.979939 -1.07132 -0.970889 -0.755967  1.09486 0.544164
-0.629977 -0.989056 -1.08072 -0.978586 -0.760909  1.09617 0.542056
-0.63594 -0.998278 -1.09023 -0.986371 -0.76591  1.09751 0.539941
-0.641973 -1.00761 -1.09985 -0.994247 -0.770972  1.09887 0.537819
-0.648077 -1.01705 -1.10958 -1.00222 -0.776096  1.10025 0.535691
-0.654128 -1.02641 -1.11923 -1.01011 -0.781176  1.10163 0.533601
-0.660379 -1.03608 -1.12919 -1.01827 -0.786428  1.10306 0.53146
-0.666707 -1.04587 -1.13928 -1.02653 -0.791746  1.10451 0.529312
-0.673113 -1.05578 -1.14949 -1.03489 -0.797135  1.10599 0.527157
-0.6796 -1.06582 -1.15983 -1.04336 -0.802596  1.1075 0.524994
-0.686169 -1.07598 -1.1703 -1.05193 -0.808131  1.10903 0.522825
-0.692823 -1.08628 -1.18091 -1.06062 -0.813743  1.11059 0.520647
-0.699563 -1.09671 -1.19165 -1.06942 -0.819434  1.11217 0.518461
-0.706252 -1.10706 -1.20231 -1.07816 -0.825088  1.11375 0.516312
-0.71317 -1.11777 -1.21334 -1.0872 -0.830944  1.1154 0.51411
-0.720182 -1.12862 -1.22452 -1.09636 -0.836886  1.11707 0.511899
-0.727289 -1.13962 -1.23585 -1.10566 -0.842919  1.11878 0.509679
-0.734496 -1.15078 -1.24734 -1.11508 -0.849045  1.12051 0.50745
-0.741804 -1.16209 -1.259 -1.12465 -0.855268  1.12228 0.505211
-0.749217 -1.17357 -1.27082 -1.13435 -0.861591  1.12409 0.502963
-0.756736 -1.18521 -1.28282 -1.1442 -0.868018  1.12593 0.500704
-0.76421 -1.19678 -1.29474 -1.154 -0.874417  1.12777 0.498482
-0.771952 -1.20878 -1.3071 -1.16416 -0.881061  1.12968 0.496202
-0.779812 -1.22095 -1.31965 -1.17447 -0.88782  1.13164 0.493911
-0.787793 -1.23331 -1.33239 -1.18496 -0.894699  1.13363 0.491608
-0.795899 -1.24587 -1.34534 -1.19562 -0.901702  1.13567 0.489293
-0.804136 -1.25864 -1.3585 -1.20646 -0.908837  1.13775 0.486966
-0.812505 -1.2716 -1.37188 -1.21748 -0.916105  1.13988 0.484626
-0.821013 -1.28479 -1.38548 -1.2287 -0.923514  1.14205 0.482272
-0.829485 -1.29793 -1.39904 -1.23988 -0.930913  1.14423 0.479953
-0.838282 -1.31156 -1.41311 -1.2515 -0.938618  1.1465 0.477571
-0.847232 -1.32544 -1.42744 -1.26334 -0.946482  1.14882 0.475175
-0.856341 -1.33957 -1.44203 -1.27541 -0.954511  1.1512 0.472762
-0.865617 -1.35396 -1.45689 -1.28771 -0.962714  1.15364 0.470334
-0.875065 -1.36862 -1.47204 -1.30026 -0.971099  1.15614 0.467889
-0.884692 -1.38356 -1.48749 -1.31306 -0.979674  1.1587 0.465425
-0.894507 -1.39879 -1.50324 -1.32614 -0.988447  1.16132 0.462944
-0.904309 -1.41401 -1.51898 -1.33921 -0.997244  1.16396 0.460494
-0.914518 -1.42986 -1.53539 -1.35285 -1.00644  1.16672 0.457974
-0.924937 -1.44604 -1.55214 -1.3668 -1.01587  1.16956 0.455433
-0.93558 -1.46257 -1.56927 -1.38107 -1.02553  1.17248 0.45287
-0.946456 -1.47947 -1.58679 -1.39568 -1.03546  1.17548 0.450284
-0.957576 -1.49675 -1.60471 -1.41065 -1.04565  1.17857 0.447674
-0.968952 -1.51443 -1.62306 -1.42599 -1.05612  1.18174 0.445039
-0.980599 -1.53254 -1.64186 -1.44173 -1.0669  1.18502 0.442377
-0.992282 -1.55071 -1.66074 -1.45755 -1.07776  1.18833 0.439743
-1.00451 -1.56973 -1.68051 -1.47415 -1.08918  1.19182 0.437024
-1.01705 -1.58924 -1.70081 -1.49121 -1.10096  1.19542 0.434275
-1.02992 -1.60929 -1.72168 -1.50877 -1.11312  1.19914 0.431493
-1.04316 -1.62989 -1.74314 -1.52686 -1.12569  1.203 0.428677
-1.05677 -1.65109 -1.76525 -1.54552 -1.13869  1.20699 0.425824
-1.07078 -1.67292 -1.78803 -1.56478 -1.15215  1.21114 0.422932
-1.08523 -1.69544 -1.81154 -1.5847 -1.16611  1.21544 0.419999
-1.09982 -1.71819 -1.83533 -1.60487 -1.1803  1.21983 0.417084
-1.11521 -1.7422 -1.86044 -1.62621 -1.19536  1.22449 0.414061
-1.13114 -1.76704 -1.88645 -1.64835 -1.21104  1.22935 0.410988
-1.14763 -1.79279 -1.91344 -1.67137 -1.2274  1.23442 0.407862
-1.16475 -1.81951 -1.94149 -1.69533 -1.24449  1.23974 0.404678
-1.18255 -1.84731 -1.97069 -1.72033 -1.26238  1.24531 0.401432
-1.20109 -1.87628 -2.00115 -1.74646 -1.28115  1.25117 0.398119
-1.22043 -1.90652 -2.03299 -1.77383 -1.30088  1.25734 0.394734
-1.24068 -1.93817 -2.06635 -1.80257 -1.32169  1.26386 0.391269
-1.26146 -1.97069 -2.10067 -1.8322 -1.34322  1.27062 0.387791
-1.28377 -2.00561 -2.13757 -1.86413 -1.36652  1.27795 0.384147
-1.30731 -2.04247 -2.17658 -1.89796 -1.3913  1.28577 0.380399
-1.33224 -2.08153 -2.21797 -1.93395 -1.41777  1.29414 0.376535
-1.35876 -2.12309 -2.26208 -1.97239 -1.44617  1.30314 0.372541
-1.38381 -2.16234 -2.30363 -2.00846 -1.47262  1.31166 0.368997
-1.38768 -2.16828 -2.30865 -2.01103 -1.47216  1.31238 0.369371
-1.39155 -2.17421 -2.31366 -2.01358 -1.47167  1.31309 0.369745
-1.39534 -2.18001 -2.31853 -2.01603 -1.47114  1.31379 0.370113
-1.39921 -2.18592 -2.32349 -2.0185 -1.47056  1.3145 0.370489
-1.40308 -2.19183 -2.32842 -2.02094 -1.46994  1.3152 0.370867
-1.40695 -2.19772 -2.33333 -2.02334 -1.46929  1.31591 0.371245
-1.41081 -2.20361 -2.33822 -2.0257 -1.46859  1.31661 0.371625
-1.41468 -2.20949 -2.34309 -2.02803 -1.46785  1.31731 0.372006
-1.41854 -2.21536 -2.34793 -2.03032 -1.46707  1.31801 0.372389
-1.4224 -2.22123 -2.35276 -2.03257 -1.46624  1.31871 0.372772
-1.42619 -2.22696 -2.35746 -2.03474 -1.4654  1.31939 0.373149
-1.43005 -2.23281 -2.36224 -2.03692 -1.4645  1.32009 0.373535
-1.43391 -2.23865 -2.36699 -2.03907 -1.46355  1.32078 0.373922
-1.43776 -2.24448 -2.37172 -2.04117 -1.46257  1.32147 0.37431
-1.44162 -2.2503 -2.37643 -2.04324 -1.46154  1.32216 0.3747
-1.44548 -2.25611 -2.38112 -2.04527 -1.46048  1.32285 0.375091
-1.44933 -2.26191 -2.38578 -2.04727 -1.45937  1.32353 0.375484
-1.45319 -2.26771 -2.39042 -2.04922 -1.45822  1.32422 0.375878
-1.45696 -2.27338 -2.39494 -2.0511 -1.45706  1.32489 0.376266
-1.46081 -2.27916 -2.39953 -2.05298 -1.45583  1.32557 0.376663
-1.46467 -2.28492 -2.4041 -2.05482 -1.45455  1.32625 0.377061
-1.46852 -2.29068 -2.40864 -2.05663 -1.45324  1.32692 0.377461
-1.47237 -2.29644 -2.41317 -2.05839 -1.45189  1.3276 0.377863
-1.47622 -2.30218 -2.41766 -2.06012 -1.45049  1.32827 0.378266
-1.48007 -2.30791 -2.42213 -2.06181 -1.44905  1.32894 0.378671
-1.48392 -2.31364 -2.42658 -2.06346 -1.44758  1.32961 0.379077
-1.48769 -2.31924 -2.43092 -2.06503 -1.44609  1.33027 0.379477
-1.49154 -2.32495 -2.43532 -2.06661 -1.44453  1.33094 0.379887
-1.49538 -2.33065 -2.4397 -2.06814 -1.44293  1.3316 0.380298
-1.49923 -2.33634 -2.44405 -2.06963 -1.44129  1.33227 0.380711
-1.50308 -2.34202 -2.44838 -2.07109 -1.4396  1.33293 0.381126
-1.50693 -2.3477 -2.45268 -2.0725 -1.43788  1.33359 0.381543
-1.51078 -2.35336 -2.45696 -2.07388 -1.43611  1.33425 0.381962
-1.51463 -2.35902 -2.46122 -2.07522 -1.4343  1.33491 0.382382
-1.5184 -2.36455 -2.46536 -2.07649 -1.43249  1.33555 0.382796
-1.52224 -2.37019 -2.46957 -2.07775 -1.43061  1.33621 0.38322
-1.52609 -2.37582 -2.47375 -2.07897 -1.42868  1.33686 0.383646
-1.52994 -2.38145 -2.47791 -2.08015 -1.42671  1.33751 0.384074
-1.53379 -2.38706 -2.48204 -2.08129 -1.42469  1.33816 0.384504
-1.53765 -2.39267 -2.48615 -2.08239 -1.42264  1.33881 0.384935
-1.5415 -2.39827 -2.49024 -2.08345 -1.42055  1.33946 0.385369
-1.54535 -2.40386 -2.4943 -2.08447 -1.41841  1.34011 0.385805
-1.54913 -2.40933 -2.49825 -2.08543 -1.41628  1.34075 0.386234
-1.55298 -2.41491 -2.50227 -2.08637 -1.41407  1.34139 0.386674
-1.55684 -2.42048 -2.50625 -2.08728 -1.41181  1.34204 0.387116
-1.5607 -2.42604 -2.51022 -2.08814 -1.40952  1.34268 0.38756
-1.56456 -2.4316 -2.51416 -2.08896 -1.40718  1.34332 0.388006
-1.56842 -2.43714 -2.51808 -2.08975 -1.4048  1.34397 0.388454
-1.57229 -2.44268 -2.52197 -2.09049 -1.40239  1.34461 0.388905
-1.57616 -2.44822 -2.52584 -2.0912 -1.39993  1.34525 0.389358
-1.57995 -2.45363 -2.52961 -2.09185 -1.39748  1.34588 0.389803
-1.58382 -2.45915 -2.53343 -2.09248 -1.39495  1.34652 0.39026
-1.58769 -2.46466 -2.53723 -2.09306 -1.39237  1.34716 0.390719
-1.59157 -2.47017 -2.541 -2.09361 -1.38976  1.34779 0.391181
-1.59545 -2.47567 -2.54475 -2.09412 -1.3871  1.34843 0.391645
-1.59933 -2.48117 -2.54848 -2.09459 -1.38441  1.34907 0.392111
-1.60322 -2.48666 -2.55219 -2.09502 -1.38168  1.34971 0.392579
-1.60711 -2.49214 -2.55587 -2.09541 -1.3789  1.35035 0.39305
-1.61092 -2.49751 -2.55945 -2.09575 -1.37615  1.35097 0.393513
-1.61482 -2.50298 -2.56309 -2.09606 -1.3733  1.35161 0.393989
-1.61872 -2.50845 -2.5667 -2.09633 -1.37041  1.35224 0.394467
-1.62263 -2.51391 -2.57029 -2.09657 -1.36748  1.35288 0.394947
-1.62654 -2.51937 -2.57386 -2.09676 -1.36452  1.35352 0.39543
-1.63045 -2.52483 -2.5774 -2.09692 -1.36151  1.35415 0.395915
-1.63437 -2.53028 -2.58093 -2.09703 -1.35847  1.35479 0.396403
-1.63829 -2.53572 -2.58443 -2.09711 -1.35538  1.35543 0.396893
-1.64214 -2.54105 -2.58783 -2.09715 -1.35233  1.35606 0.397376
-1.64608 -2.54649 -2.59129 -2.09715 -1.34917  1.35669 0.397871
-1.65001 -2.55192 -2.59472 -2.09711 -1.34598  1.35733 0.398369
-1.65396 -2.55735 -2.59813 -2.09703 -1.34274  1.35797 0.398869
-1.65791 -2.56277 -2.60152 -2.09691 -1.33947  1.35861 0.399373
-1.66186 -2.5682 -2.60489 -2.09676 -1.33616  1.35925 0.399879
-1.66582 -2.57361 -2.60823 -2.09656 -1.33282  1.35989 0.400387
-1.66979 -2.57903 -2.61156 -2.09633 -1.32943  1.36053 0.400899
-1.67368 -2.58433 -2.61479 -2.09606 -1.32608  1.36116 0.401402
-1.67766 -2.58974 -2.61807 -2.09575 -1.32262  1.36181 0.401919
-1.68165 -2.59515 -2.62133 -2.0954 -1.31913  1.36245 0.402439
-1.68564 -2.60055 -2.62456 -2.09501 -1.3156  1.3631 0.402962
-1.68964 -2.60595 -2.62778 -2.09458 -1.31202  1.36374 0.403487
-1.69365 -2.61135 -2.63097 -2.09411 -1.30842  1.36439 0.404016
-1.69766 -2.61675 -2.63414 -2.0936 -1.30477  1.36504 0.404548
-1.70166 -2.62211 -2.63725 -2.09302 -1.30107  1.36568 0.405086
-1.70556 -2.62731 -2.64023 -2.09237 -1.29737  1.3663 0.405621
-1.70954 -2.63262 -2.64324 -2.09167 -1.29356  1.36693 0.40617
-1.71353 -2.63793 -2.64624 -2.09093 -1.28971  1.36756 0.406722
-1.71753 -2.64323 -2.64922 -2.09015 -1.28582  1.3682 0.407277
-1.72154 -2.64854 -2.65217 -2.08933 -1.2819  1.36883 0.407836
-1.72556 -2.65384 -2.65511 -2.08848 -1.27794  1.36947 0.408398
-1.72958 -2.65915 -2.65802 -2.08758 -1.27395  1.37011 0.408963
-1.73362 -2.66445 -2.66091 -2.08665 -1.26992  1.37075 0.409531
-1.73758 -2.66964 -2.66372 -2.0857 -1.26594  1.37138 0.41009
-1.74161 -2.67492 -2.66655 -2.08467 -1.26183  1.37203 0.410667
-1.74562 -2.68013 -2.66928 -2.08354 -1.25763  1.37265 0.411254
-1.74963 -2.68534 -2.67199 -2.08236 -1.25339  1.37328 0.411846
-1.75365 -2.69055 -2.67468 -2.08114 -1.24912  1.3739 0.41244
-1.75768 -2.69575 -2.67735 -2.07989 -1.24481  1.37453 0.413039
-1.76172 -2.70096 -2.67999 -2.07859 -1.24047  1.37517 0.41364
-1.76577 -2.70617 -2.68262 -2.07726 -1.23609  1.3758 0.414246
-1.76974 -2.71126 -2.68517 -2.07592 -1.23177  1.37642 0.414842
-1.77381 -2.71647 -2.68775 -2.07451 -1.22732  1.37706 0.415455
-1.77789 -2.72168 -2.69031 -2.07306 -1.22284  1.3777 0.416071
-1.78198 -2.72689 -2.69286 -2.07158 -1.21832  1.37835 0.416691
-1.78608 -2.7321 -2.69538 -2.07005 -1.21377  1.37899 0.417314
-1.7902 -2.73732 -2.69789 -2.06849 -1.20919  1.37964 0.417941
-1.79432 -2.74254 -2.70038 -2.06689 -1.20457  1.3803 0.418572
-1.79846 -2.74776 -2.70285 -2.06526 -1.19992  1.38095 0.419206
-1.80252 -2.75287 -2.70525 -2.06362 -1.19534  1.3816 0.419831
-1.80668 -2.7581 -2.70768 -2.06191 -1.19062  1.38226 0.420473
-1.81086 -2.76333 -2.71009 -2.06016 -1.18587  1.38292 0.421119
-1.81504 -2.76856 -2.71248 -2.05838 -1.18109  1.38359 0.421769
-1.81924 -2.7738 -2.71486 -2.05655 -1.17628  1.38426 0.422422
-1.82345 -2.77904 -2.71722 -2.05469 -1.17143  1.38494 0.423079
-1.82768 -2.78428 -2.71955 -2.0528 -1.16655  1.38562 0.423741
-1.83192 -2.78953 -2.72188 -2.05086 -1.16164  1.3863 0.424406
-1.83609 -2.79468 -2.72413 -2.04893 -1.15679  1.38697 0.425062
-1.84035 -2.79994 -2.72642 -2.04693 -1.15182  1.38766 0.425735
-1.84464 -2.80521 -2.72869 -2.04488 -1.14681  1.38835 0.426413
-1.84893 -2.81048 -2.73094 -2.0428 -1.14177  1.38905 0.427094
-1.85324 -2.81575 -2.73317 -2.04068 -1.1367  1.38975 0.42778
-1.85757 -2.82104 -2.73539 -2.03853 -1.13159  1.39046 0.42847
-1.86191 -2.82632 -2.73759 -2.03634 -1.12646  1.39117 0.429164
-1.86626 -2.83162 -2.73977 -2.03411 -1.12129  1.39188 0.429862
-1.87055 -2.83681 -2.7419 -2.03189 -1.1162  1.39259 0.430551
-1.87493 -2.84212 -2.74405 -2.02959 -1.11097  1.39331 0.431258
-1.87934 -2.84744 -2.74618 -2.02725 -1.10571  1.39404 0.431969
-1.88376 -2.85276 -2.7483 -2.02488 -1.10042  1.39477 0.432685
-1.88819 -2.85809 -2.7504 -2.02247 -1.0951  1.39551 0.433405
-1.89264 -2.86343 -2.75248 -2.02002 -1.08975  1.39625 0.434129
-1.89711 -2.86878 -2.75455 -2.01754 -1.08437  1.397 0.434858
-1.9016 -2.87413 -2.7566 -2.01502 -1.07896  1.39776 0.435592
-1.90601 -2.87938 -2.7586 -2.01252 -1.07362  1.3985 0.436315
-1.91054 -2.88476 -2.76062 -2.00993 -1.06815  1.39926 0.437058
-1.91508 -2.89014 -2.76262 -2.0073 -1.06265  1.40003 0.437805
-1.91963 -2.89553 -2.76461 -2.00464 -1.05712  1.40081 0.438557
-1.92421 -2.90093 -2.76659 -2.00194 -1.05155  1.40159 0.439314
-1.9288 -2.90634 -2.76855 -1.99921 -1.04596  1.40237 0.440075
-1.93342 -2.91177 -2.77049 -1.99644 -1.04034  1.40316 0.440841
-1.93805 -2.9172 -2.77242 -1.99363 -1.03469  1.40396 0.441612
-1.9426 -2.92253 -2.7743 -1.99084 -1.02912  1.40475 0.442372
-1.94728 -2.92798 -2.7762 -1.98797 -1.02341  1.40556 0.443153
-1.95197 -2.93345 -2.77808 -1.98505 -1.01767  1.40638 0.443939
-1.95668 -2.93893 -2.77996 -1.98211 -1.01191  1.4072 0.444729
-1.96141 -2.94441 -2.78181 -1.97912 -1.00611  1.40803 0.445525
-1.96616 -2.94991 -2.78365 -1.9761 -1.00028  1.40886 0.446325
-1.97093 -2.95542 -2.78548 -1.97304 -0.994428  1.40971 0.447131
-1.97572 -2.96095 -2.7873 -1.96995 -0.988546  1.41055 0.447941
-1.98054 -2.96649 -2.7891 -1.96683 -0.982634  1.41141 0.448757
-1.98528 -2.97193 -2.79085 -1.96373 -0.976815  1.41226 0.449561
-1.99013 -2.97749 -2.79263 -1.96053 -0.970848  1.41313 0.450387
-1.99501 -2.98307 -2.79439 -1.9573 -0.964852  1.414 0.451218
-1.99992 -2.98866 -2.79614 -1.95403 -0.958827  1.41489 0.452055
-2.00484 -2.99427 -2.79787 -1.95073 -0.952774  1.41578 0.452897
-2.00979 -2.99989 -2.79959 -1.94739 -0.946695  1.41668 0.453744
-2.01476 -3.00553 -2.8013 -1.94402 -0.940587  1.41759 0.454596
-2.01975 -3.01118 -2.803 -1.94061 -0.93445  1.4185 0.455454
-2.02466 -3.01673 -2.80465 -1.93724 -0.928414  1.41941 0.456299
-2.0297 -3.02241 -2.80632 -1.93376 -0.922224  1.42034 0.457168
-2.03477 -3.02811 -2.80798 -1.93025 -0.916006  1.42128 0.458042
-2.03986 -3.03383 -2.80963 -1.9267 -0.909761  1.42222 0.458921
-2.04497 -3.03956 -2.81126 -1.92312 -0.90349  1.42318 0.459807
-2.05011 -3.04531 -2.81289 -1.9195 -0.89719  1.42415 0.460697
-2.05527 -3.05107 -2.8145 -1.91585 -0.890864  1.42512 0.461594
-2.06046 -3.05686 -2.8161 -1.91216 -0.884511  1.4261 0.462496
-2.06557 -3.06254 -2.81766 -1.90852 -0.878261  1.42707 0.463385
-2.07081 -3.06837 -2.81923 -1.90476 -0.871855  1.42807 0.464298
-2.07608 -3.0742 -2.8208 -1.90097 -0.865421  1.42908 0.465217
-2.08137 -3.08006 -2.82236 -1.89715 -0.858962  1.4301 0.466142
-2.08669 -3.08594 -2.8239 -1.89329 -0.852476  1.43113 0.467073
-2.09204 -3.09183 -2.82543 -1.8894 -0.845963  1.43216 0.468009
-2.09742 -3.09775 -2.82696 -1.88547 -0.839423  1.43321 0.468952
-2.10282 -3.10368 -2.82847 -1.8815 -0.832858  1.43427 0.4699
-2.10814 -3.10952 -2.82994 -1.87759 -0.826401  1.43531 0.470835
-2.1136 -3.1155 -2.83144 -1.87356 -0.819785  1.43639 0.471795
-2.11908 -3.12149 -2.83292 -1.86949 -0.813141  1.43748 0.472761
-2.1246 -3.12751 -2.83439 -1.86539 -0.806473  1.43858 0.473733
-2.13015 -3.13356 -2.83586 -1.86126 -0.799777  1.43968 0.474712
-2.13572 -3.13962 -2.83731 -1.85709 -0.793056  1.4408 0.475696
-2.14133 -3.1457 -2.83875 -1.85288 -0.786309  1.44193 0.476687
-2.14696 -3.15181 -2.84019 -1.84865 -0.779537  1.44307 0.477684
-2.15251 -3.15782 -2.84158 -1.84446 -0.772878  1.4442 0.478666
-2.15821 -3.16397 -2.843 -1.84015 -0.766055  1.44536 0.479675
-2.16393 -3.17016 -2.84441 -1.83582 -0.759206  1.44654 0.48069
-2.16969 -3.17636 -2.84581 -1.83144 -0.752331  1.44772 0.481712
-2.17548 -3.18258 -2.8472 -1.82703 -0.745432  1.44892 0.48274
-2.1813 -3.18884 -2.84858 -1.82259 -0.738507  1.45013 0.483774
-2.18716 -3.19511 -2.84995 -1.81811 -0.731556  1.45135 0.484815
-2.19304 -3.20142 -2.85132 -1.8136 -0.72458  1.45258 0.485862
-2.19884 -3.20762 -2.85265 -1.80915 -0.717722  1.4538 0.486894
-2.20479 -3.21397 -2.85399 -1.80457 -0.710696  1.45506 0.487954
-2.21078 -3.22035 -2.85534 -1.79995 -0.703647  1.45633 0.489021
-2.21679 -3.22676 -2.85667 -1.7953 -0.696571  1.45762 0.490094
-2.22285 -3.23319 -2.858 -1.79062 -0.689469  1.45891 0.491173
-2.22894 -3.23966 -2.85932 -1.7859 -0.682342  1.46022 0.49226
-2.23506 -3.24615 -2.86063 -1.78115 -0.675192  1.46155 0.493352
-2.24121 -3.25267 -2.86193 -1.77637 -0.668016  1.46288 0.494452
-2.24728 -3.25908 -2.8632 -1.77165 -0.660962  1.46421 0.495535
-2.25351 -3.26566 -2.86449 -1.76679 -0.653735  1.46557 0.496648
-2.25977 -3.27226 -2.86578 -1.76191 -0.646486  1.46695 0.497768
-2.26607 -3.2789 -2.86705 -1.75698 -0.63921  1.46834 0.498894
-2.27241 -3.28556 -2.86832 -1.75202 -0.631908  1.46974 0.500027
-2.27879 -3.29226 -2.86959 -1.74703 -0.624585  1.47116 0.501167
-2.2852 -3.29899 -2.87084 -1.74201 -0.617235  1.4726 0.502314
-2.29165 -3.30575 -2.87209 -1.73695 -0.609859  1.47405 0.503468
-2.298 -3.3124 -2.87331 -1.73196 -0.60261  1.47549 0.504605
-2.30453 -3.31922 -2.87455 -1.72683 -0.595186  1.47697 0.505772
-2.3111 -3.32608 -2.87579 -1.72166 -0.587737  1.47846 0.506947
-2.3177 -3.33297 -2.87702 -1.71647 -0.580263  1.47997 0.508128
-2.32434 -3.33989 -2.87824 -1.71123 -0.572764  1.4815 0.509317
-2.33103 -3.34684 -2.87945 -1.70596 -0.56524  1.48304 0.510512
-2.33775 -3.35383 -2.88066 -1.70066 -0.557691  1.4846 0.511715
-2.34452 -3.36085 -2.88187 -1.69532 -0.550118  1.48618 0.512925
-2.35118 -3.36776 -2.88305 -1.69006 -0.542674  1.48774 0.514117
-2.35803 -3.37486 -2.88425 -1.68465 -0.535051  1.48935 0.515341
-2.36491 -3.38198 -2.88543 -1.67921 -0.527402  1.49097 0.516573
-2.37185 -3.38915 -2.88662 -1.67373 -0.51973  1.49262 0.517811
-2.37882 -3.39634 -2.8878 -1.66822 -0.512031  1.49428 0.519057
-2.38583 -3.40358 -2.88898 -1.66267 -0.504307  1.49595 0.52031
-2.39289 -3.41086 -2.89016 -1.65709 -0.496559  1.49765 0.52157
-2.4 -3.41817 -2.89132 -1.65147 -0.488785  1.49936 0.522838
-2.407 -3.42537 -2.89246 -1.64593 -0.481143  1.50106 0.524088
-2.41419 -3.43275 -2.89362 -1.64024 -0.47332  1.50281 0.52537
-2.42142 -3.44018 -2.89478 -1.63451 -0.465471  1.50458 0.52666
-2.4287 -3.44765 -2.89593 -1.62875 -0.457596  1.50637 0.527957
-2.43603 -3.45515 -2.89708 -1.62295 -0.449695  1.50817 0.529262
-2.4434 -3.4627 -2.89823 -1.61712 -0.441769  1.51 0.530575
-2.45082 -3.47028 -2.89937 -1.61125 -0.433816  1.51185 0.531895
-2.45828 -3.47791 -2.9005 -1.60534 -0.425838  1.51371 0.533223
-2.46564 -3.48542 -2.90161 -1.59952 -0.417997  1.51556 0.534531
-2.4732 -3.49313 -2.90274 -1.59354 -0.409968  1.51747 0.535873
-2.48081 -3.50088 -2.90387 -1.58753 -0.401914  1.51939 0.537224
-2.48846 -3.50867 -2.90499 -1.58147 -0.393832  1.52134 0.538582
-2.49616 -3.51651 -2.90611 -1.57538 -0.385724  1.52331 0.539948
-2.50391 -3.52438 -2.90723 -1.56925 -0.377588  1.5253 0.541322
-2.51172 -3.53231 -2.90834 -1.56309 -0.369429  1.52731 0.542704
-2.51957 -3.54028 -2.90945 -1.55689 -0.361241  1.52934 0.544093
-2.52731 -3.54812 -2.91054 -1.55078 -0.353196  1.53136 0.545462
-2.53526 -3.55618 -2.91164 -1.5445 -0.344954  1.53343 0.546867
-2.54326 -3.56428 -2.91274 -1.53818 -0.336686  1.53553 0.54828
-2.55132 -3.57242 -2.91384 -1.53183 -0.328391  1.53765 0.549702
-2.55943 -3.58062 -2.91494 -1.52543 -0.32007  1.5398 0.55113
-2.56759 -3.58886 -2.91603 -1.519 -0.31172  1.54197 0.552568
-2.5758 -3.59715 -2.91712 -1.51253 -0.303342  1.54416 0.554013
-2.58407 -3.60548 -2.91821 -1.50602 -0.294937  1.54638 0.555467
-2.59221 -3.61369 -2.91927 -1.49961 -0.286677  1.54857 0.556899
-2.60059 -3.62212 -2.92035 -1.49302 -0.278215  1.55084 0.558368
-2.60902 -3.6306 -2.92143 -1.48639 -0.269726  1.55313 0.559846
-2.6175 -3.63913 -2.9225 -1.47972 -0.261208  1.55544 0.561332
-2.62603 -3.6477 -2.92358 -1.47301 -0.252661  1.55778 0.562827
-2.63463 -3.65633 -2.92465 -1.46626 -0.244086  1.56014 0.56433
-2.64328 -3.66501 -2.92571 -1.45947 -0.235481  1.56254 0.565841
-2.65198 -3.67374 -2.92678 -1.45264 -0.226847  1.56495 0.567361
-2.66057 -3.68234 -2.92782 -1.44591 -0.218361  1.56735 0.568858
-2.66938 -3.69117 -2.92888 -1.43899 -0.209668  1.56981 0.570395
-2.67827 -3.70005 -2.92993 -1.43204 -0.200946  1.57231 0.57194
-2.6872 -3.70899 -2.93099 -1.42504 -0.192194  1.57484 0.573494
-2.6962 -3.71798 -2.93204 -1.418 -0.183409  1.57739 0.575056
-2.70525 -3.72702 -2.93308 -1.41091 -0.174595  1.57997 0.576628
-2.71436 -3.73611 -2.93412 -1.40378 -0.16575  1.58258 0.578208
-2.72354 -3.74526 -2.93517 -1.39661 -0.156874  1.58522 0.579796
-2.73258 -3.75427 -2.93618 -1.38954 -0.148147  1.58783 0.581362
-2.74188 -3.76353 -2.93721 -1.38228 -0.139207  1.59052 0.582968
-2.75124 -3.77284 -2.93824 -1.37498 -0.130237  1.59325 0.584583
-2.76065 -3.78221 -2.93927 -1.36763 -0.121233  1.596 0.586208
-2.77013 -3.79163 -2.94029 -1.36023 -0.112196  1.59878 0.587841
-2.77968 -3.80111 -2.94131 -1.35279 -0.103127  1.6016 0.589484
-2.78928 -3.81065 -2.94233 -1.3453 -0.0940241  1.60445 0.591135
-2.79895 -3.82024 -2.94333 -1.33777 -0.0848877  1.60732 0.592797
-2.80849 -3.8297 -2.94432 -1.33034 -0.0759048  1.61017 0.594432
-2.81829 -3.8394 -2.94532 -1.32271 -0.066701  1.61312 0.596112
-2.82815 -3.84917 -2.94631 -1.31503 -0.0574626  1.61609 0.5978
-2.83807 -3.85899 -2.9473 -1.3073 -0.0481885  1.61909 0.599499
-2.84806 -3.86887 -2.94829 -1.29952 -0.0388796  1.62213 0.601207
-2.85812 -3.87881 -2.94927 -1.2917 -0.0295359  1.6252 0.602924
-2.86825 -3.88882 -2.95024 -1.28382 -0.0201551  1.62831 0.604651
-2.87844 -3.89888 -2.95121 -1.27589 -0.0107391  1.63145 0.606387
-2.88849 -3.90878 -2.95215 -1.26808 -0.00147879  1.63456 0.608098
-2.89881 -3.91897 -2.95311 -1.26005 0.00801101  1.63776 0.609854
-2.90921 -3.92921 -2.95406 -1.25197 0.0175384  1.64101 0.61162
-2.91967 -3.93951 -2.955 -1.24383 0.0271033  1.64429 0.613396
-2.9302 -3.94987 -2.95594 -1.23564 0.0367072  1.6476 0.615182
-2.9408 -3.96029 -2.95686 -1.2274 0.0463504  1.65095 0.616979
-2.95147 -3.97077 -2.95778 -1.2191 0.056031  1.65434 0.618785
-2.96221 -3.98132 -2.95869 -1.21074 0.0657515  1.65776 0.620601
-2.9728 -3.99171 -2.95958 -1.20251 0.0753127  1.66115 0.622391
-2.98368 -4.00237 -2.96046 -1.19404 0.0851135  1.66465 0.624228
-2.99463 -4.01311 -2.96135 -1.18552 0.094954  1.66819 0.626076
-3.00565 -4.0239 -2.96222 -1.17693 0.104837  1.67176 0.627934
-3.01674 -4.03476 -2.96309 -1.16829 0.114761  1.67538 0.629803
-3.02791 -4.04567 -2.96393 -1.15959 0.124727  1.67903 0.631683
-3.03914 -4.05665 -2.96477 -1.15083 0.134737  1.68272 0.633573
-3.05045 -4.06769 -2.9656 -1.14201 0.144789  1.68645 0.635475
-3.06183 -4.0788 -2.96641 -1.13313 0.154884  1.69022 0.637387
-3.07305 -4.08974 -2.9672 -1.12436 0.164817  1.69396 0.639271
-3.08458 -4.10097 -2.96799 -1.11535 0.175001  1.69781 0.641205
-3.09618 -4.11226 -2.96876 -1.10628 0.185228  1.7017 0.643151
-3.10785 -4.12362 -2.96952 -1.09715 0.195501  1.70564 0.645108
-3.1196 -4.13504 -2.97026 -1.08794 0.205821  1.70961 0.647076
-3.13142 -4.14651 -2.97098 -1.07867 0.216186  1.71363 0.649056
-3.14331 -4.15806 -2.97169 -1.06933 0.2266  1.71769 0.651048
-3.15528 -4.16967 -2.97239 -1.05993 0.237059  1.72179 0.653051
-3.16708 -4.1811 -2.97305 -1.05065 0.24735  1.72586 0.655024
-3.1792 -4.19283 -2.9737 -1.04111 0.257905  1.73005 0.657051
-3.19139 -4.20462 -2.97434 -1.03149 0.268509  1.73428 0.659089
-3.20365 -4.21647 -2.97495 -1.0218 0.279163  1.73856 0.66114
-3.216 -4.22839 -2.97554 -1.01205 0.289864  1.74288 0.663203
-3.22841 -4.24036 -2.97611 -1.00221 0.300617  1.74724 0.665278
-3.2409 -4.2524 -2.97666 -0.992308 0.311419  1.75166 0.667365
-3.25346 -4.2645 -2.97718 -0.982325 0.322273  1.75611 0.669464
-3.26585 -4.27641 -2.97767 -0.972474 0.332955  1.76052 0.671533
-3.27856 -4.28862 -2.97814 -0.962338 0.343913  1.76507 0.673658
-3.29135 -4.3009 -2.97858 -0.952125 0.35492  1.76966 0.675795
-3.3042 -4.31323 -2.97899 -0.941831 0.365982  1.7743 0.677945
-3.31714 -4.32562 -2.97937 -0.931457 0.377097  1.77898 0.680108
-3.33015 -4.33808 -2.97973 -0.921004 0.388264  1.78371 0.682283
-3.34323 -4.35058 -2.98006 -0.910468 0.399487  1.78849 0.684472
-3.35638 -4.36314 -2.98035 -0.899848 0.410762  1.79332 0.686674
-3.36934 -4.3755 -2.9806 -0.889363 0.421861  1.79809 0.688843
-3.38264 -4.38817 -2.98082 -0.878573 0.433246  1.80301 0.691072
-3.39601 -4.4009 -2.981 -0.867698 0.444688  1.80797 0.693312
-3.40946 -4.41368 -2.98115 -0.856736 0.456184  1.81298 0.695567
-3.42297 -4.42651 -2.98126 -0.845687 0.467735  1.81804 0.697836
-3.43656 -4.43939 -2.98133 -0.834547 0.479343  1.82315 0.700117
-3.45021 -4.45232 -2.98135 -0.823315 0.491009  1.8283 0.702412
-3.46394 -4.4653 -2.98134 -0.811994 0.50273  1.83351 0.704721
-3.47745 -4.47806 -2.98127 -0.800812 0.514268  1.83865 0.706996
-3.49131 -4.49113 -2.98117 -0.789306 0.526104  1.84394 0.709332
-3.50524 -4.50425 -2.98101 -0.777706 0.537995  1.84929 0.711681
-3.51924 -4.51742 -2.98081 -0.766011 0.549944  1.85468 0.714045
-3.5333 -4.53062 -2.98056 -0.75422 0.561951  1.86012 0.716422
-3.54743 -4.54387 -2.98025 -0.74233 0.574017  1.8656 0.718813
-3.56162 -4.55716 -2.97989 -0.730344 0.586139  1.87113 0.721218
-3.57587 -4.57048 -2.97948 -0.718258 0.598318  1.87671 0.723637
-3.5899 -4.58357 -2.97902 -0.70632 0.610306  1.88222 0.72602
-3.60428 -4.59697 -2.97849 -0.694035 0.622598  1.88789 0.728466
-3.61872 -4.6104 -2.9779 -0.681649 0.63495  1.89361 0.730927
-3.63321 -4.62386 -2.97724 -0.669159 0.647358  1.89937 0.733401
-3.64776 -4.63735 -2.97652 -0.656565 0.659822  1.90517 0.735888
-3.66237 -4.65087 -2.97575 -0.64387 0.672343  1.91102 0.73839
-3.67703 -4.66441 -2.9749 -0.631069 0.684921  1.91691 0.740905
-3.69175 -4.67799 -2.97398 -0.618163 0.697555  1.92285 0.743434
-3.70621 -4.69129 -2.97301 -0.605416 0.709984  1.92871 0.745925
-3.72104 -4.70491 -2.97196 -0.5923 0.722727  1.93474 0.74848
-3.7359 -4.71854 -2.97082 -0.579075 0.735525  1.9408 0.75105
-3.75081 -4.73218 -2.96961 -0.565744 0.748376  1.94691 0.753633
-3.76577 -4.74583 -2.96832 -0.552302 0.76128  1.95306 0.756228
-3.78077 -4.7595 -2.96695 -0.538755 0.774238  1.95925 0.758838
-3.79581 -4.77317 -2.9655 -0.525096 0.787245  1.96547 0.761459
-3.8109 -4.78685 -2.96397 -0.51133 0.800304  1.97173 0.764094
-3.82571 -4.80025 -2.96238 -0.497739 0.813145  1.97791 0.766687
-3.84086 -4.81393 -2.96068 -0.483755 0.826302  1.98425 0.769347
-3.85605 -4.82761 -2.95888 -0.469661 0.839507  1.99062 0.772019
-3.87127 -4.84129 -2.957 -0.455459 0.852757  1.99703 0.774703
-3.88652 -4.85495 -2.95502 -0.441145 0.866054  2.00347 0.777399
-3.9018 -4.8686 -2.95295 -0.426724 0.879393  2.00994 0.780106
-3.91709 -4.88224 -2.95078 -0.412192 0.892777  2.01645 0.782825
-3.93242 -4.89587 -2.94852 -0.397552 0.906202  2.02299 0.785555
-3.94744 -4.90919 -2.9462 -0.383103 0.919391  2.02941 0.78824
-3.96281 -4.92278 -2.94373 -0.368247 0.932893  2.03601 0.790991
-3.97818 -4.93634 -2.94117 -0.353285 0.94643  2.04262 0.793752
-3.99356 -4.94986 -2.93849 -0.338214 0.960004  2.04927 0.796524
-4.00896 -4.96336 -2.93571 -0.323036 0.97361  2.05593 0.799305
-4.02436 -4.97682 -2.93283 -0.307752 0.987246  2.06262 0.802095
-4.03976 -4.99024 -2.92983 -0.292362 1.00091  2.06933 0.804895
-4.05517 -5.00363 -2.92672 -0.27687 1.01461  2.07606 0.807703
-4.07026 -5.01669 -2.92357 -0.261593 1.02804  2.08266 0.810461
-4.08566 -5.02999 -2.92024 -0.245898 1.04178  2.08942 0.813284
-4.10106 -5.04323 -2.9168 -0.230103 1.05554  2.09619 0.816116
-4.11644 -5.05641 -2.91323 -0.214207 1.06932  2.10298 0.818953
-4.13181 -5.06955 -2.90956 -0.198214 1.08311  2.10978 0.821797
-4.14717 -5.08261 -2.90576 -0.182124 1.09692  2.11658 0.824648
-4.16251 -5.09562 -2.90185 -0.165939 1.11073  2.1234 0.827504
-4.17783 -5.10857 -2.89781 -0.149664 1.12456  2.13021 0.830365
-4.1928 -5.12117 -2.89374 -0.133629 1.1381  2.13689 0.833172
-4.20807 -5.13397 -2.88946 -0.117173 1.15193  2.14372 0.836041
-4.2233 -5.1467 -2.88507 -0.100631 1.16577  2.15054 0.838914
-4.2385 -5.15934 -2.88054 -0.0840018 1.17959  2.15736 0.841789
-4.25367 -5.1719 -2.8759 -0.0672919 1.19341  2.16417 0.844668
-4.2688 -5.18439 -2.87114 -0.0505016 1.20722  2.17099 0.847549
-4.28389 -5.19678 -2.86624 -0.0336312 1.22102  2.17779 0.850431
-4.29892 -5.20907 -2.86122 -0.0166848 1.2348  2.18458 0.853314
-4.31362 -5.22104 -2.85619 -1.48416e-05 1.24828  2.19122 0.856138
-4.32856 -5.23315 -2.85092 0.017071 1.26202  2.19799 0.859021
-4.34346 -5.24517 -2.84553 0.0342284 1.27574  2.20474 0.861904
-4.35829 -5.25708 -2.84001 0.0514486 1.28943  2.21147 0.864784
-4.37308 -5.2689 -2.83437 0.0687317 1.30308  2.21818 0.867663
-4.3878 -5.28061 -2.82861 0.086073 1.3167  2.22487 0.87054
-4.40245 -5.2922 -2.82272 0.103472 1.33028  2.23154 0.873412
-4.41705 -5.30369 -2.81671 0.120923 1.34382  2.23818 0.876283
-4.43127 -5.31483 -2.8107 0.138066 1.35704  2.24466 0.879089
-4.44573 -5.3261 -2.80445 0.155612 1.37049  2.25125 0.881952
-4.46011 -5.33724 -2.79807 0.173204 1.38389  2.25781 0.884807
-4.47442 -5.34827 -2.79157 0.190835 1.39723  2.26433 0.887657
-4.48864 -5.35917 -2.78494 0.208504 1.41051  2.27081 0.890501
-4.5028 -5.36996 -2.77821 0.226207 1.42373  2.27726 0.893338
-4.51687 -5.38062 -2.77135 0.24394 1.43689  2.28368 0.896169
-4.53086 -5.39116 -2.76438 0.261698 1.44997  2.29005 0.89899
-4.54448 -5.40135 -2.75743 0.279119 1.46273  2.29626 0.901746
-4.55829 -5.41163 -2.75023 0.296923 1.47567  2.30254 0.904551
-4.57203 -5.4218 -2.74292 0.314743 1.48854  2.3088 0.907346
-4.58567 -5.43182 -2.73549 0.332577 1.50132  2.31499 0.910131
-4.59921 -5.44171 -2.72795 0.350421 1.51402  2.32114 0.912907
-4.61267 -5.45147 -2.7203 0.36827 1.52663  2.32725 0.915672
-4.62603 -5.46109 -2.71254 0.386122 1.53916  2.3333 0.918424
-4.6393 -5.47059 -2.70469 0.403975 1.55159  2.3393 0.921166
-4.6522 -5.47975 -2.69688 0.421461 1.56367  2.34512 0.923841
-4.66527 -5.48898 -2.68882 0.439302 1.57591  2.35102 0.926558
-4.67824 -5.49807 -2.68065 0.457132 1.58804  2.35685 0.929262
-4.69111 -5.50703 -2.67238 0.474951 1.60008  2.36264 0.931954
-4.70389 -5.51585 -2.66402 0.492751 1.612  2.36836 0.934633
-4.71655 -5.52453 -2.65557 0.510531 1.62382  2.37403 0.937297
-4.72913 -5.53308 -2.64701 0.528288 1.63553  2.37963 0.939948
-4.74159 -5.54149 -2.63837 0.546019 1.64712  2.38518 0.942584
-4.7537 -5.54959 -2.62982 0.563358 1.65836  2.39055 0.945153
-4.76596 -5.55773 -2.621 0.581025 1.66972  2.39597 0.94776
-4.77811 -5.56573 -2.6121 0.598657 1.68096  2.40133 0.950352
-4.79016 -5.5736 -2.60312 0.61625 1.69207  2.40663 0.952928
-4.8021 -5.58133 -2.59404 0.633801 1.70306  2.41185 0.955489
-4.81394 -5.58892 -2.5849 0.651308 1.71392  2.41702 0.958035
-4.82567 -5.59639 -2.57568 0.668769 1.72466  2.42212 0.960565
-4.83729 -5.60371 -2.56637 0.686177 1.73526  2.42715 0.963078
-4.84858 -5.61075 -2.55719 0.703181 1.74552  2.43202 0.965526
-4.85999 -5.61781 -2.54774 0.720482 1.75586  2.43691 0.968006
-4.8713 -5.62474 -2.53823 0.737727 1.76606  2.44174 0.970471
-4.88251 -5.63153 -2.52865 0.754911 1.77613  2.44651 0.97292
-4.8936 -5.6382 -2.519 0.772032 1.78606  2.4512 0.975353
-4.90459 -5.64473 -2.50929 0.78909 1.79585  2.45583 0.977768
-4.91548 -5.65113 -2.49951 0.806079 1.80549  2.46039 0.980167
-4.92625 -5.6574 -2.48967 0.822998 1.815  2.46487 0.982549
-4.93672 -5.66342 -2.47998 0.839503 1.82417  2.4692 0.984866
-4.94729 -5.66944 -2.47003 0.856279 1.83339  2.47354 0.987216
-4.95775 -5.67533 -2.46003 0.872978 1.84246  2.47782 0.989548
-4.96811 -5.68109 -2.44997 0.889601 1.85139  2.48202 0.991863
-4.97838 -5.68674 -2.43986 0.906144 1.86017  2.48617 0.994163
-4.98853 -5.69224 -2.4297 0.922606 1.8688  2.49023 0.996445
-4.99859 -5.69764 -2.41949 0.938986 1.87728  2.49423 0.998712
-5.00854 -5.70292 -2.40924 0.955281 1.88561  2.49816 1.00096
-5.0184 -5.70807 -2.39894 0.97149 1.8938  2.50202 1.0032
-5.02795 -5.713 -2.38882 0.987284 1.90167  2.50573 1.00537
-5.03762 -5.71792 -2.37844 1.00332 1.90955  2.50945 1.00757
-5.04718 -5.72272 -2.36802 1.01926 1.91729  2.5131 1.00976
-5.05664 -5.72741 -2.35756 1.03512 1.92487  2.51669 1.01193
-5.06601 -5.73198 -2.34707 1.05088 1.9323  2.52021 1.01408
-5.07529 -5.73645 -2.33655 1.06654 1.93958  2.52366 1.01622
-5.08447 -5.7408 -2.32599 1.08211 1.94671  2.52704 1.01834
-5.09356 -5.74504 -2.3154 1.09759 1.95369  2.53036 1.02045
-5.10238 -5.7491 -2.305 1.11266 1.96038  2.53355 1.0225
-5.11128 -5.75313 -2.29435 1.12794 1.96706  2.53673 1.02458
-5.12012 -5.75707 -2.28369 1.14313 1.97359  2.53986 1.02665
-5.12885 -5.76089 -2.27299 1.15821 1.97996  2.54292 1.0287
-5.13752 -5.76463 -2.26228 1.1732 1.98619  2.54593 1.03074
-5.14609 -5.76827 -2.25154 1.18809 1.99227  2.54887 1.03276
-5.15458 -5.77181 -2.24078 1.20288 1.9982  2.55175 1.03477
-5.163 -5.77526 -2.23 1.21756 2.00398  2.55458 1.03677
-5.17116 -5.77854 -2.21943 1.23185 2.0095  2.55728 1.03871
-5.17943 -5.78182 -2.20862 1.24634 2.01499  2.55999 1.04069
-5.18761 -5.78499 -2.1978 1.26072 2.02034  2.56264 1.04264
-5.19572 -5.78809 -2.18696 1.275 2.02553  2.56524 1.04459
-5.20377 -5.7911 -2.17612 1.28918 2.03059  2.56778 1.04653
-5.21175 -5.79404 -2.16526 1.30325 2.0355  2.57028 1.04845
-5.21966 -5.79689 -2.15439 1.31723 2.04026  2.57272 1.05037
-5.2275 -5.79966 -2.14352 1.3311 2.04489  2.57511 1.05227
-5.23512 -5.8023 -2.13286 1.34459 2.04928  2.5774 1.05412
-5.24284 -5.80493 -2.12197 1.35826 2.05362  2.57969 1.05601
-5.2505 -5.80749 -2.11108 1.37182 2.05783  2.58194 1.05788
-5.25809 -5.80997 -2.10018 1.38529 2.0619  2.58414 1.05974
-5.26564 -5.81238 -2.08929 1.39865 2.06582  2.58629 1.0616
-5.27312 -5.81473 -2.07839 1.41191 2.06962  2.5884 1.06344
-5.28054 -5.81701 -2.06748 1.42506 2.07327  2.59046 1.06528
-5.28793 -5.81923 -2.05658 1.43812 2.0768  2.59249 1.06711
-5.2951 -5.82134 -2.0459 1.45081 2.08012  2.59443 1.06889
-5.30238 -5.82343 -2.035 1.46367 2.08337  2.59638 1.07071
-5.30961 -5.82546 -2.0241 1.47643 2.0865  2.59828 1.07251
-5.3168 -5.82745 -2.0132 1.48909 2.08949  2.60015 1.07431
-5.32393 -5.82937 -2.00231 1.50165 2.09236  2.60198 1.0761
-5.33103 -5.83124 -1.99142 1.5141 2.0951  2.60377 1.07789
-5.33808 -5.83305 -1.98053 1.52646 2.09771  2.60553 1.07967
-5.34509 -5.83481 -1.96965 1.53872 2.10019  2.60725 1.08144
-5.35192 -5.83648 -1.95899 1.55064 2.1025  2.60891 1.08317
-5.35886 -5.83815 -1.94812 1.56271 2.10473  2.61057 1.08494
-5.36576 -5.83977 -1.93725 1.57468 2.10685  2.6122 1.08669
-5.37261 -5.84133 -1.92639 1.58656 2.10884  2.61379 1.08845
-5.37944 -5.84285 -1.91554 1.59834 2.1107  2.61536 1.09019
-5.38624 -5.84433 -1.90469 1.61002 2.11245  2.6169 1.09194
-5.393 -5.84576 -1.89385 1.62161 2.11408  2.61841 1.09368
-5.39974 -5.84715 -1.88302 1.63311 2.11559  2.6199 1.09542
-5.4063 -5.84847 -1.87242 1.64428 2.11695  2.62132 1.09712
-5.41298 -5.84978 -1.86161 1.65559 2.11823  2.62275 1.09885
-5.41961 -5.85104 -1.8508 1.66681 2.11939  2.62415 1.10058
-5.42623 -5.85227 -1.84 1.67793 2.12043  2.62553 1.10231
-5.43283 -5.85346 -1.82921 1.68897 2.12136  2.62689 1.10403
-5.43939 -5.85462 -1.81843 1.69991 2.12219  2.62822 1.10576
-5.44595 -5.85574 -1.80766 1.71077 2.1229  2.62954 1.10748
-5.45247 -5.85682 -1.79689 1.72153 2.12349  2.63083 1.1092
-5.45883 -5.85784 -1.78636 1.73199 2.12397  2.63207 1.11088
-5.46532 -5.85886 -1.77561 1.74258 2.12435  2.63333 1.1126
-5.47179 -5.85984 -1.76488 1.75308 2.12462  2.63456 1.11432
-5.47823 -5.86079 -1.75415 1.76349 2.12479  2.63577 1.11604
-5.48466 -5.86171 -1.74343 1.77382 2.12484  2.63697 1.11776
-5.49108 -5.86261 -1.73273 1.78406 2.1248  2.63815 1.11947
-5.49747 -5.86346 -1.72203 1.79421 2.12464  2.63931 1.12119
-5.50385 -5.86429 -1.71134 1.80428 2.12439  2.64046 1.12291
-5.51009 -5.86508 -1.70088 1.81407 2.12404  2.64156 1.1246
-5.51645 -5.86586 -1.69021 1.82397 2.12358  2.64268 1.12632
-5.52279 -5.8666 -1.67955 1.83379 2.12302  2.64378 1.12805
-5.52912 -5.86732 -1.6689 1.84353 2.12236  2.64487 1.12977
-5.53544 -5.86801 -1.65826 1.85318 2.1216  2.64594 1.1315
-5.54176 -5.86869 -1.64763 1.86276 2.12074  2.64701 1.13323
-5.54806 -5.86933 -1.63701 1.87225 2.11979  2.64806 1.13496
-5.55435 -5.86995 -1.62639 1.88166 2.11873  2.64909 1.1367
-5.56051 -5.87054 -1.61601 1.89081 2.11761  2.65011 1.1384
-5.5668 -5.87111 -1.60541 1.90006 2.11636  2.65113 1.14014
-5.57307 -5.87167 -1.59483 1.90924 2.11502  2.65213 1.14189
-5.57934 -5.87219 -1.58425 1.91834 2.11359  2.65313 1.14364
-5.5856 -5.8727 -1.57368 1.92736 2.11206  2.65412 1.14539
-5.59187 -5.87319 -1.56312 1.9363 2.11044  2.6551 1.14715
-5.59813 -5.87366 -1.55257 1.94517 2.10873  2.65608 1.14891
-5.60438 -5.8741 -1.54203 1.95396 2.10693  2.65705 1.15067
-5.61051 -5.87452 -1.53171 1.96249 2.10508  2.65799 1.15241
-5.61677 -5.87493 -1.52119 1.97114 2.1031  2.65895 1.15419
-5.62302 -5.87532 -1.51067 1.9797 2.10102  2.6599 1.15597
-5.62927 -5.87568 -1.50016 1.98819 2.09886  2.66084 1.15775
-5.63553 -5.87604 -1.48966 1.99662 2.09662  2.66178 1.15955
-5.64178 -5.87638 -1.47917 2.00496 2.09428  2.66272 1.16135
-5.64804 -5.87669 -1.46868 2.01323 2.09186  2.66365 1.16315
-5.6543 -5.87699 -1.4582 2.02143 2.08935  2.66458 1.16496
-5.66044 -5.87727 -1.44795 2.0294 2.08681  2.66548 1.16674
-5.6667 -5.87753 -1.43748 2.03745 2.08413  2.6664 1.16857
-5.67297 -5.87778 -1.42702 2.04544 2.08138  2.66732 1.1704
-5.67924 -5.87801 -1.41657 2.05336 2.07853  2.66823 1.17224
-5.68553 -5.87824 -1.40613 2.06121 2.0756  2.66915 1.17409
-5.69181 -5.87844 -1.39569 2.06899 2.07259  2.67007 1.17594
-5.69811 -5.87863 -1.38527 2.0767 2.0695  2.67098 1.1778
-5.70441 -5.87881 -1.37484 2.08434 2.06633  2.6719 1.17967
-5.71059 -5.87896 -1.36464 2.09176 2.06314  2.67279 1.18151
-5.71691 -5.87912 -1.35422 2.09926 2.05981  2.67371 1.1834
-5.72324 -5.87925 -1.34382 2.1067 2.0564  2.67462 1.1853
-5.72957 -5.87937 -1.33342 2.11407 2.05291  2.67554 1.1872
-5.73592 -5.87948 -1.32302 2.12138 2.04933  2.67646 1.18912
-5.74226 -5.87957 -1.31263 2.12861 2.04568  2.67737 1.19104
-5.74864 -5.87966 -1.30225 2.13579 2.04196  2.6783 1.19297
-5.75502 -5.87973 -1.29187 2.14289 2.03815  2.67923 1.19492
-5.76127 -5.87979 -1.28171 2.14979 2.03435  2.68013 1.19683
-5.76767 -5.87984 -1.27134 2.15676 2.0304  2.68107 1.19879
-5.77408 -5.87988 -1.26097 2.16368 2.02636  2.68201 1.20077
-5.78051 -5.87991 -1.25061 2.17052 2.02226  2.68295 1.20275
-5.78691 -5.87988 -1.24025 2.17729 2.01806  2.68386 1.20474
-5.79313 -5.87963 -1.22983 2.18392 2.01367  2.68464 1.20673
-5.79937 -5.87937 -1.21941 2.19047 2.00921  2.68541 1.20872
-5.80561 -5.8791 -1.209 2.19696 2.00468  2.68619 1.21073
-5.81174 -5.87882 -1.1988 2.20326 2.00016  2.68696 1.2127
-5.81801 -5.87853 -1.1884 2.20962 1.99548  2.68775 1.21473
-5.8243 -5.87822 -1.178 2.21592 1.99073  2.68855 1.21678
-5.8306 -5.8779 -1.1676 2.22215 1.9859  2.68934 1.21883
-5.83692 -5.87758 -1.15721 2.22833 1.981  2.69015 1.22089
-5.84325 -5.87723 -1.14682 2.23443 1.97602  2.69096 1.22297
-5.8496 -5.8769 -1.13644 2.24048 1.97098  2.69178 1.22506
-5.85596 -5.87654 -1.12606 2.24646 1.96586  2.6926 1.22717
-5.86221 -5.87617 -1.11589 2.25225 1.96077  2.69341 1.22924
-5.86862 -5.8758 -1.10552 2.25811 1.95552  2.69426 1.23137
-5.87503 -5.87542 -1.09515 2.26391 1.95019  2.6951 1.23352
-5.88146 -5.87502 -1.08478 2.26963 1.94478  2.69595 1.23567
-5.88791 -5.87462 -1.07442 2.2753 1.93931  2.69681 1.23785
-5.89439 -5.87421 -1.06406 2.28091 1.93377  2.69768 1.24003
-5.90088 -5.87379 -1.05371 2.28646 1.92816  2.69857 1.24223
-5.90739 -5.87337 -1.04335 2.29194 1.92248  2.69945 1.24445
-5.91379 -5.87293 -1.03321 2.29725 1.91684  2.70033 1.24664
-5.92035 -5.8725 -1.02287 2.30261 1.91103  2.70124 1.24888
-5.92691 -5.87204 -1.01252 2.30791 1.90514  2.70215 1.25114
-5.93351 -5.8716 -1.00218 2.31315 1.89919  2.70308 1.25342
-5.94013 -5.87113 -0.991839 2.31832 1.89316  2.70402 1.25571
-5.94676 -5.87066 -0.9815 2.32344 1.88707  2.70497 1.25802
-5.95341 -5.87018 -0.971165 2.32849 1.88091  2.70592 1.26034
-5.9601 -5.8697 -0.960837 2.33348 1.87468  2.7069 1.26269
-5.96667 -5.86922 -0.950718 2.33831 1.86852  2.70786 1.265
-5.9734 -5.86873 -0.940393 2.34318 1.86216  2.70885 1.26737
-5.98016 -5.86823 -0.930073 2.34799 1.85573  2.70986 1.26976
-5.98692 -5.86772 -0.91975 2.35273 1.84923  2.71087 1.27217
-5.99373 -5.86722 -0.909437 2.35742 1.84267  2.71191 1.2746
