0 0 0 0 0 0  1 1
-2.38421e-06 -3.63732e-06 -4.69583e-06 -5.55462e-06 -6.2957e-06 -6.96774e-06  1 0.999995
-8.58343e-06 -1.45501e-05 -1.87841e-05 -2.22238e-05 -2.51964e-05 -2.78629e-05  1 0.999978
-1.90753e-05 -3.27393e-05 -4.22656e-05 -5.00064e-05 -5.66976e-05 -6.26868e-05  1 0.99995
-3.38612e-05 -5.82066e-05 -7.51421e-05 -8.89034e-05 -0.000100799 -0.000111438  1 0.99991
-5.22275e-05 -9.02135e-05 -0.000116459 -0.000137784 -0.000156217 -0.000172695  1 0.999861
-7.53689e-05 -0.000130097 -0.000167942 -0.000198688 -0.000225262 -0.000249007  1 0.9998
-0.000102573 -0.000177267 -0.000228828 -0.000270711 -0.000306905 -0.000339236  1 0.999727
-0.000134082 -0.00023173 -0.000299123 -0.000353856 -0.000401149 -0.000443378  1 0.999644
-0.000169661 -0.00029349 -0.000378832 -0.000448127 -0.000507991 -0.000561426  1 0.999549
-0.000209554 -0.000362554 -0.00046796 -0.000553526 -0.000627431 -0.000693374  1 0.999443
-0.000253765 -0.000438928 -0.000566514 -0.000670057 -0.000759469 -0.000839216  1 0.999325
-0.000302061 -0.00052262 -0.0006745 -0.000797725 -0.000904105 -0.000998942  1 0.999197
-0.000353491 -0.000611706 -0.000789437 -0.00093359 -0.001058 -0.00116886  1 0.99906
-0.000410214 -0.000709908 -0.000916121 -0.00108332 -0.00122757 -0.00135605  1 0.99891
-0.000471282 -0.000815453 -0.00105226 -0.0012442 -0.00140974 -0.0015571  1 0.998748
-0.000536463 -0.000928354 -0.00119787 -0.00141623 -0.00160451 -0.00177199  1 0.998575
-0.000606004 -0.00104862 -0.00135296 -0.00159943 -0.00181186 -0.00200072  1 0.99839
-0.000679914 -0.00117626 -0.00151754 -0.0017938 -0.00203181 -0.00224328  1 0.998195
-0.000757964 -0.00131129 -0.00169162 -0.00199934 -0.00226435 -0.00249964  1 0.997989
-0.000840399 -0.00145372 -0.00187522 -0.00221607 -0.00250949 -0.0027698  1 0.997771
-0.000925073 -0.00160044 -0.0020643 -0.00243923 -0.00276183 -0.00304781  1 0.997546
-0.00101608 -0.00175756 -0.00226677 -0.00267811 -0.00303189 -0.00334524  1 0.997307
-0.00111126 -0.00192213 -0.0024788 -0.00292821 -0.00331453 -0.00365642  1 0.997056
-0.00121088 -0.00209417 -0.00270039 -0.00318953 -0.00360976 -0.00398134  1 0.996794
-0.00131471 -0.00227368 -0.00293157 -0.00346207 -0.00391758 -0.00431998  1 0.99652
-0.00142323 -0.00246068 -0.00317236 -0.00374585 -0.00423799 -0.00467231  1 0.996235
-0.00153575 -0.0026552 -0.00342277 -0.00404087 -0.00457098 -0.00503834  1 0.995939
-0.00165275 -0.00285724 -0.00368281 -0.00434715 -0.00491655 -0.00541801  1 0.995633
-0.00177182 -0.00306249 -0.00394692 -0.0046581 -0.00526727 -0.00580318  1 0.995321
-0.0018976 -0.0032795 -0.0042261 -0.0049867 -0.00563775 -0.00620984  1.00001 0.994992
-0.0020279 -0.00350411 -0.00451498 -0.00532658 -0.00602081 -0.00663011  1.00001 0.994652
-0.00216252 -0.00373633 -0.00481358 -0.00567777 -0.00641644 -0.00706395  1.00001 0.994301
-0.0023017 -0.00397618 -0.00512191 -0.00604027 -0.00682465 -0.00751136  1.00001 0.993938
-0.00244522 -0.00422369 -0.00544001 -0.0064141 -0.00724544 -0.00797229  1.00001 0.993565
-0.00259334 -0.00447888 -0.00576789 -0.00679927 -0.0076788 -0.00844673  1.00001 0.99318
-0.00274608 -0.00474178 -0.00610557 -0.0071958 -0.00812474 -0.00893466  1.00001 0.992784
-0.00290002 -0.0050068 -0.0064459 -0.00759526 -0.00857376 -0.00942568  1.00001 0.992385
-0.00306156 -0.00528503 -0.00680307 -0.00801431 -0.00904458 -0.00994022  1.00001 0.991967
-0.00322778 -0.00557104 -0.00717013 -0.00844475 -0.00952796 -0.0104682  1.00001 0.991538
-0.00339869 -0.00586485 -0.00754708 -0.00888661 -0.0100239 -0.0110095  1.00002 0.991098
-0.00357408 -0.0061665 -0.00793398 -0.0093399 -0.0105324 -0.0115642  1.00002 0.990646
-0.00375421 -0.00647602 -0.00833083 -0.00980464 -0.0110535 -0.0121322  1.00002 0.990183
-0.00393885 -0.00679343 -0.00873767 -0.0102808 -0.0115872 -0.0127135  1.00002 0.98971
-0.00412828 -0.00711877 -0.00915454 -0.0107685 -0.0121334 -0.013308  1.00002 0.989225
-0.00431853 -0.00744517 -0.00957263 -0.0112574 -0.0126806 -0.0139033  1.00002 0.988739
-0.00451734 -0.00778629 -0.0100094 -0.0117678 -0.0132517 -0.014524  1.00003 0.988232
-0.00472076 -0.00813542 -0.0104563 -0.0122898 -0.0138353 -0.0151579  1.00003 0.987714
-0.00492906 -0.0084926 -0.0109133 -0.0128234 -0.0144315 -0.0158049  1.00003 0.987185
-0.00514201 -0.00885786 -0.0113805 -0.0133685 -0.0150402 -0.016465  1.00003 0.986645
-0.00535989 -0.00923124 -0.0118579 -0.0139252 -0.0156614 -0.0171382  1.00004 0.986094
-0.00558273 -0.00961278 -0.0123456 -0.0144935 -0.0162953 -0.0178244  1.00004 0.985531
-0.0058103 -0.0100025 -0.0128435 -0.0150735 -0.0169417 -0.0185236  1.00004 0.984958
-0.00603807 -0.0103922 -0.0133413 -0.0156529 -0.017587 -0.0192211  1.00005 0.984386
-0.00627544 -0.0107983 -0.0138596 -0.0162559 -0.0182582 -0.019946  1.00005 0.98379
-0.00651762 -0.0112126 -0.0143884 -0.0168706 -0.018942 -0.0206837  1.00006 0.983183
-0.00676487 -0.0116353 -0.0149275 -0.0174971 -0.0196383 -0.0214343  1.00006 0.982566
-0.00701725 -0.0120663 -0.0154771 -0.0181353 -0.0203471 -0.0221977  1.00006 0.981937
-0.00727453 -0.0125058 -0.0160372 -0.0187852 -0.0210685 -0.0229739  1.00007 0.981297
-0.00753699 -0.0129537 -0.0166078 -0.0194469 -0.0218024 -0.0237629  1.00007 0.980647
-0.00780442 -0.0134101 -0.017189 -0.0201205 -0.0225488 -0.0245645  1.00008 0.979985
-0.00807143 -0.0138655 -0.0177687 -0.0207918 -0.0232922 -0.025362  1.00008 0.979326
-0.0083491 -0.0143388 -0.0183709 -0.0214888 -0.0240635 -0.0261887  1.00009 0.978642
-0.00863183 -0.0148208 -0.0189839 -0.0221977 -0.0248473 -0.0270279  1.00009 0.977948
-0.00891989 -0.0153115 -0.0196075 -0.0229184 -0.0256436 -0.0278797  1.0001 0.977242
-0.00921332 -0.0158108 -0.020242 -0.0236512 -0.0264525 -0.028744  1.00011 0.976525
-0.0095119 -0.0163189 -0.0208873 -0.0243959 -0.0272739 -0.0296207  1.00011 0.975797
-0.00981592 -0.0168358 -0.0215434 -0.0251526 -0.0281078 -0.0305098  1.00012 0.975059
-0.0101251 -0.0173616 -0.0222105 -0.0259213 -0.0289542 -0.0314113  1.00013 0.974309
-0.0104333 -0.0178852 -0.0228745 -0.026686 -0.0297955 -0.0323064  1.00014 0.973564
-0.0107531 -0.0184287 -0.0235634 -0.0274786 -0.0306668 -0.0332322  1.00014 0.972793
-0.0110787 -0.0189811 -0.0242632 -0.0282832 -0.0315506 -0.0341703  1.00015 0.97201
-0.0114096 -0.0195425 -0.0249741 -0.0291001 -0.0324469 -0.0351206  1.00016 0.971217
-0.0117459 -0.0201131 -0.0256962 -0.0299291 -0.0333557 -0.036083  1.00017 0.970412
-0.012088 -0.0206928 -0.0264295 -0.0307702 -0.034277 -0.0370575  1.00018 0.969597
-0.0124355 -0.0212816 -0.0271741 -0.0316236 -0.0352109 -0.038044  1.00019 0.968771
-0.0127887 -0.0218798 -0.0279299 -0.0324893 -0.0361572 -0.0390426  1.0002 0.967934
-0.0131403 -0.0224747 -0.0286813 -0.0333492 -0.0370965 -0.0400324  1.00021 0.967103
-0.0135046 -0.0230913 -0.0294597 -0.0342392 -0.0380676 -0.0410546  1.00022 0.966244
-0.0138749 -0.0237173 -0.0302495 -0.0351416 -0.0390513 -0.0420886  1.00023 0.965375
-0.014251 -0.0243527 -0.0310509 -0.0360563 -0.0400475 -0.0431345  1.00025 0.964494
-0.0146329 -0.0249977 -0.0318637 -0.0369835 -0.0410563 -0.0441921  1.00026 0.963603
-0.0150205 -0.0256523 -0.0326882 -0.0379231 -0.0420775 -0.0452614  1.00027 0.962701
-0.0154141 -0.0263164 -0.0335244 -0.0388752 -0.0431113 -0.0463424  1.00028 0.961788
-0.0158138 -0.0269903 -0.0343723 -0.0398399 -0.0441577 -0.047435  1.0003 0.960864
-0.0162109 -0.0276599 -0.0352143 -0.040797 -0.0451948 -0.0485165  1.00031 0.959948
-0.0166224 -0.0283531 -0.0360856 -0.0417866 -0.0462659 -0.049632  1.00033 0.959003
-0.0170398 -0.0290562 -0.0369688 -0.0427887 -0.0473495 -0.0507589  1.00034 0.958047
-0.0174634 -0.0297692 -0.037864 -0.0438036 -0.0484456 -0.0518972  1.00036 0.95708
-0.0178934 -0.0304922 -0.0387712 -0.0448311 -0.0495543 -0.0530468  1.00038 0.956102
-0.0183292 -0.0312253 -0.0396904 -0.0458714 -0.0506755 -0.0542078  1.00039 0.955114
-0.0187716 -0.0319684 -0.0406218 -0.0469245 -0.0518093 -0.05538  1.00041 0.954114
-0.0192199 -0.0327218 -0.0415654 -0.0479904 -0.0529555 -0.0565634  1.00043 0.953105
-0.0196655 -0.0334697 -0.0425016 -0.049047 -0.0540906 -0.0577336  1.00045 0.952105
-0.0201265 -0.0342433 -0.0434696 -0.0501384 -0.0552617 -0.058939  1.00047 0.951074
-0.0205941 -0.0350275 -0.0444499 -0.0512428 -0.0564453 -0.0601555  1.00049 0.950032
-0.0210681 -0.0358219 -0.0454427 -0.0523601 -0.0576415 -0.061383  1.00051 0.948979
-0.0215487 -0.0366269 -0.046448 -0.0534905 -0.0588502 -0.0626213  1.00053 0.947916
-0.0220358 -0.0374425 -0.047466 -0.054634 -0.0600714 -0.0638706  1.00055 0.946842
-0.0225294 -0.0382687 -0.0484965 -0.0557905 -0.0613052 -0.0651308  1.00057 0.945758
-0.0230298 -0.0391056 -0.0495398 -0.0569602 -0.0625516 -0.0664017  1.0006 0.944663
-0.0235264 -0.039936 -0.0505742 -0.0581189 -0.0637847 -0.067657  1.00062 0.943579
-0.02404 -0.0407943 -0.0516429 -0.0593148 -0.0650559 -0.0689491  1.00064 0.942464
-0.0245605 -0.0416636 -0.0527245 -0.060524 -0.0663397 -0.0702517  1.00067 0.941337
-0.0250878 -0.0425438 -0.0538192 -0.0617465 -0.067636 -0.071565  1.0007 0.9402
-0.025622 -0.0434352 -0.0549269 -0.0629824 -0.0689449 -0.0728887  1.00072 0.939052
-0.0261632 -0.0443376 -0.0560477 -0.0642318 -0.0702664 -0.0742228  1.00075 0.937894
-0.0267113 -0.0452514 -0.0571818 -0.0654946 -0.0716005 -0.0755674  1.00078 0.936725
-0.0272666 -0.0461764 -0.0583292 -0.066771 -0.0729471 -0.0769223  1.00081 0.935546
-0.0278174 -0.0470935 -0.0594661 -0.0680344 -0.0742785 -0.0782595  1.00084 0.934381
-0.0283867 -0.0480411 -0.06064 -0.0693377 -0.0756501 -0.0796346  1.00087 0.933182
-0.0289632 -0.0490002 -0.0618275 -0.0706547 -0.0770343 -0.08102  1.0009 0.931971
-0.0295471 -0.0499709 -0.0630284 -0.0719855 -0.0784311 -0.0824155  1.00093 0.930751
-0.0301382 -0.0509533 -0.0642432 -0.0733299 -0.0798405 -0.083821  1.00097 0.92952
-0.0307367 -0.0519475 -0.0654716 -0.0746882 -0.0812625 -0.0852365  1.001 0.928279
-0.0313426 -0.0529535 -0.0667139 -0.0760604 -0.0826971 -0.0866619  1.00104 0.927027
-0.031956 -0.0539714 -0.0679701 -0.0774465 -0.0841444 -0.0880973  1.00107 0.925765
-0.0325643 -0.0549802 -0.0692143 -0.078818 -0.0855745 -0.0895128  1.00111 0.924519
-0.0331926 -0.056022 -0.0704983 -0.0802319 -0.0870467 -0.0909676  1.00115 0.923237
-0.0338287 -0.0570759 -0.0717964 -0.0816598 -0.0885317 -0.0924321  1.00119 0.921945
-0.0344724 -0.0581422 -0.0731088 -0.083102 -0.0900294 -0.0939062  1.00123 0.920642
-0.0351238 -0.0592207 -0.0744355 -0.0845584 -0.0915397 -0.09539  1.00127 0.919329
-0.0357833 -0.0603117 -0.0757767 -0.086029 -0.0930627 -0.0968833  1.00131 0.918006
-0.0364505 -0.0614152 -0.0771323 -0.087514 -0.0945984 -0.0983861  1.00135 0.916673
-0.0371255 -0.0625313 -0.0785025 -0.0890133 -0.0961467 -0.0998984  1.0014 0.91533
-0.0377946 -0.063637 -0.079859 -0.0904962 -0.0976758 -0.101389  1.00144 0.914004
-0.0384858 -0.0647784 -0.0812583 -0.0920242 -0.0992495 -0.10292  1.00149 0.912641
-0.039185 -0.0659326 -0.0826725 -0.0935668 -0.100836 -0.10446  1.00153 0.911268
-0.0398923 -0.0670998 -0.0841016 -0.095124 -0.102435 -0.106009  1.00158 0.909885
-0.0406078 -0.0682801 -0.0855458 -0.0966959 -0.104047 -0.107568  1.00163 0.908492
-0.0413317 -0.0694735 -0.0870051 -0.0982826 -0.105671 -0.109135  1.00168 0.907088
-0.042064 -0.0706801 -0.0884796 -0.099884 -0.107309 -0.110712  1.00173 0.905675
-0.0428046 -0.0719001 -0.0899694 -0.1015 -0.108959 -0.112297  1.00179 0.904253
-0.0435383 -0.0731083 -0.0914437 -0.103098 -0.110588 -0.113859  1.00184 0.902849
-0.0442957 -0.074355 -0.0929642 -0.104744 -0.112263 -0.115463  1.0019 0.901407
-0.045062 -0.0756154 -0.0945002 -0.106405 -0.113952 -0.117075  1.00195 0.899954
-0.0458368 -0.0768895 -0.0960518 -0.108082 -0.115653 -0.118696  1.00201 0.898493
-0.0466203 -0.0781773 -0.0976193 -0.109773 -0.117367 -0.120326  1.00207 0.897021
-0.0474126 -0.0794792 -0.0992027 -0.11148 -0.119094 -0.121964  1.00213 0.895539
-0.0482138 -0.080795 -0.100802 -0.113202 -0.120834 -0.123611  1.00219 0.894048
-0.0490241 -0.0821251 -0.102417 -0.11494 -0.122587 -0.125267  1.00226 0.892548
-0.0498265 -0.0834417 -0.104016 -0.116657 -0.124316 -0.126897  1.00232 0.891068
-0.0506546 -0.0848001 -0.105663 -0.118425 -0.126095 -0.12857  1.00238 0.889549
-0.0514918 -0.0861728 -0.107327 -0.120209 -0.127886 -0.130251  1.00245 0.888019
-0.0523382 -0.0875601 -0.109008 -0.122009 -0.129691 -0.13194  1.00252 0.886481
-0.0531938 -0.0889621 -0.110705 -0.123824 -0.131508 -0.133638  1.00259 0.884933
-0.0540591 -0.0903789 -0.112419 -0.125656 -0.133339 -0.135343  1.00266 0.883375
-0.0549336 -0.0918105 -0.114149 -0.127503 -0.135182 -0.137058  1.00274 0.881807
-0.0558174 -0.0932571 -0.115897 -0.129366 -0.137039 -0.13878  1.00281 0.880231
-0.0567112 -0.0947188 -0.117662 -0.131246 -0.138909 -0.140511  1.00289 0.878645
-0.0575957 -0.0961655 -0.119407 -0.133102 -0.140753 -0.142214  1.00296 0.877083
-0.0585084 -0.0976574 -0.121206 -0.135014 -0.142649 -0.14396  1.00304 0.875479
-0.0594312 -0.0991648 -0.123022 -0.136942 -0.144558 -0.145715  1.00312 0.873865
-0.0603635 -0.100688 -0.124856 -0.138886 -0.14648 -0.147477  1.0032 0.872243
-0.0613057 -0.102226 -0.126707 -0.140847 -0.148415 -0.149248  1.00329 0.870611
-0.0622581 -0.103781 -0.128576 -0.142825 -0.150364 -0.151026  1.00337 0.86897
-0.0632206 -0.105351 -0.130463 -0.144819 -0.152326 -0.152812  1.00346 0.86732
-0.064193 -0.106937 -0.132367 -0.14683 -0.154301 -0.154606  1.00355 0.865661
-0.0651557 -0.108507 -0.134251 -0.148816 -0.156249 -0.156371  1.00364 0.864027
-0.0661487 -0.110126 -0.136192 -0.15086 -0.15825 -0.15818  1.00373 0.86235
-0.0671521 -0.111761 -0.138151 -0.152922 -0.160266 -0.159997  1.00382 0.860664
-0.0681657 -0.113412 -0.140128 -0.155 -0.162294 -0.161822  1.00392 0.85897
-0.0691902 -0.11508 -0.142125 -0.157096 -0.164336 -0.163654  1.00402 0.857267
-0.0702252 -0.116765 -0.144139 -0.159209 -0.166391 -0.165493  1.00412 0.855555
-0.0712709 -0.118466 -0.146173 -0.16134 -0.16846 -0.16734  1.00422 0.853834
-0.0723277 -0.120185 -0.148226 -0.163488 -0.170543 -0.169195  1.00432 0.852104
-0.0733731 -0.121885 -0.150255 -0.165609 -0.172596 -0.171019  1.00442 0.850401
-0.0744514 -0.123638 -0.152346 -0.167792 -0.174705 -0.172888  1.00453 0.848654
-0.0755406 -0.125409 -0.154456 -0.169992 -0.176829 -0.174765  1.00464 0.846899
-0.076641 -0.127196 -0.156585 -0.172211 -0.178966 -0.176649  1.00475 0.845135
-0.0777526 -0.129002 -0.158735 -0.174448 -0.181116 -0.17854  1.00486 0.843363
-0.0788755 -0.130825 -0.160904 -0.176703 -0.183281 -0.180439  1.00498 0.841581
-0.0800098 -0.132667 -0.163093 -0.178975 -0.185459 -0.182345  1.00509 0.839792
-0.0811557 -0.134526 -0.165302 -0.181267 -0.187651 -0.184257  1.00521 0.837995
-0.0822892 -0.136366 -0.167485 -0.183529 -0.189812 -0.186138  1.00533 0.836225
-0.0834581 -0.138261 -0.169734 -0.185857 -0.192032 -0.188066  1.00545 0.834411
-0.0846386 -0.140176 -0.172004 -0.188204 -0.194266 -0.19  1.00558 0.832589
-0.085831 -0.142109 -0.174294 -0.190569 -0.196514 -0.191941  1.00571 0.830758
-0.0870356 -0.14406 -0.176605 -0.192953 -0.198776 -0.19389  1.00583 0.828919
-0.0882519 -0.146031 -0.178937 -0.195356 -0.201052 -0.195845  1.00597 0.827073
-0.0894806 -0.148021 -0.18129 -0.197778 -0.203342 -0.197808  1.0061 0.825218
-0.0907213 -0.15003 -0.183664 -0.20022 -0.205647 -0.199778  1.00624 0.823355
-0.0919487 -0.152018 -0.186011 -0.20263 -0.207918 -0.201714  1.00637 0.821522
-0.0932141 -0.154066 -0.188428 -0.20511 -0.210251 -0.203697  1.00651 0.819643
-0.0944919 -0.156133 -0.190866 -0.207609 -0.212599 -0.205687  1.00666 0.817757
-0.0957824 -0.158221 -0.193327 -0.210129 -0.214961 -0.207685  1.0068 0.815862
-0.0970856 -0.160329 -0.195809 -0.212667 -0.217337 -0.209689  1.00695 0.81396
-0.0984015 -0.162457 -0.198314 -0.215226 -0.219728 -0.2117  1.0071 0.812051
-0.0997305 -0.164605 -0.200841 -0.217805 -0.222134 -0.213718  1.00725 0.810133
-0.101072 -0.166774 -0.203391 -0.220405 -0.224555 -0.215743  1.00741 0.808208
-0.1024 -0.168919 -0.20591 -0.22297 -0.22694 -0.217733  1.00756 0.806315
-0.103768 -0.171129 -0.208505 -0.22561 -0.22939 -0.219772  1.00772 0.804375
-0.10515 -0.17336 -0.211123 -0.22827 -0.231855 -0.221817  1.00789 0.802427
-0.106544 -0.175613 -0.213764 -0.230951 -0.234335 -0.22387  1.00805 0.800472
-0.107953 -0.177887 -0.216428 -0.233653 -0.23683 -0.225929  1.00822 0.798509
-0.109375 -0.180182 -0.219117 -0.236376 -0.23934 -0.227995  1.00839 0.796539
-0.110811 -0.1825 -0.221828 -0.239121 -0.241866 -0.230068  1.00856 0.794562
-0.112261 -0.184839 -0.224564 -0.241886 -0.244406 -0.232148  1.00874 0.792578
-0.113695 -0.187152 -0.227268 -0.244616 -0.24691 -0.234192  1.00892 0.790627
-0.115173 -0.189536 -0.230052 -0.247424 -0.249481 -0.236285  1.0091 0.788628
-0.116665 -0.191942 -0.23286 -0.250254 -0.252068 -0.238386  1.00928 0.786623
-0.118171 -0.19437 -0.235693 -0.253106 -0.254671 -0.240493  1.00947 0.78461
-0.119692 -0.196822 -0.238551 -0.25598 -0.257289 -0.242607  1.00966 0.78259
-0.121228 -0.199297 -0.241435 -0.258877 -0.259923 -0.244728  1.00986 0.780564
-0.122778 -0.201795 -0.244343 -0.261795 -0.262573 -0.246856  1.01005 0.77853
-0.124343 -0.204316 -0.247277 -0.264737 -0.265239 -0.248991  1.01025 0.77649
-0.125891 -0.20681 -0.250177 -0.26764 -0.267866 -0.251089  1.01045 0.774484
-0.127486 -0.209378 -0.253162 -0.270627 -0.270564 -0.253238  1.01066 0.77243
-0.129097 -0.211971 -0.256174 -0.273637 -0.273278 -0.255394  1.01087 0.77037
-0.130722 -0.214588 -0.259212 -0.27667 -0.276008 -0.257557  1.01108 0.768302
-0.132363 -0.21723 -0.262276 -0.279726 -0.278756 -0.259727  1.01129 0.766229
-0.13402 -0.219897 -0.265368 -0.282806 -0.281519 -0.261904  1.01151 0.764148
-0.135693 -0.222589 -0.268486 -0.28591 -0.2843 -0.264089  1.01174 0.762061
-0.137382 -0.225305 -0.271632 -0.289038 -0.287097 -0.26628  1.01196 0.759968
-0.139052 -0.227992 -0.274741 -0.292126 -0.289854 -0.268434  1.01219 0.757911
-0.140772 -0.230759 -0.277941 -0.295302 -0.292684 -0.27064  1.01242 0.755805
-0.142509 -0.233553 -0.28117 -0.298503 -0.295533 -0.272853  1.01265 0.753692
-0.144263 -0.236372 -0.284427 -0.301729 -0.298398 -0.275074  1.01289 0.751573
-0.146033 -0.239218 -0.287712 -0.304979 -0.301281 -0.277302  1.01314 0.749448
-0.14782 -0.242091 -0.291027 -0.308255 -0.304182 -0.279537  1.01338 0.747317
-0.149624 -0.24499 -0.29437 -0.311557 -0.3071 -0.28178  1.01363 0.74518
-0.151445 -0.247917 -0.297742 -0.314884 -0.310036 -0.284031  1.01389 0.743036
-0.153246 -0.25081 -0.301075 -0.318168 -0.31293 -0.286243  1.01414 0.740931
-0.155101 -0.253792 -0.304506 -0.321546 -0.315901 -0.288509  1.0144 0.738776
-0.156975 -0.256801 -0.307967 -0.324951 -0.318891 -0.290783  1.01467 0.736614
-0.158865 -0.259838 -0.311459 -0.328382 -0.3219 -0.293064  1.01494 0.734447
-0.160774 -0.262904 -0.314981 -0.33184 -0.324927 -0.295354  1.01521 0.732274
-0.162701 -0.265998 -0.318535 -0.335325 -0.327973 -0.297651  1.01549 0.730095
-0.164646 -0.269121 -0.322119 -0.338838 -0.331038 -0.299957  1.01577 0.72791
-0.16661 -0.272274 -0.325735 -0.342378 -0.334122 -0.302271  1.01605 0.72572
-0.168552 -0.275391 -0.329309 -0.345873 -0.337162 -0.304545  1.01634 0.723568
-0.170553 -0.278602 -0.332988 -0.349468 -0.340284 -0.306875  1.01663 0.721367
-0.172572 -0.281844 -0.336699 -0.353091 -0.343425 -0.309214  1.01693 0.71916
-0.174611 -0.285116 -0.340444 -0.356744 -0.346587 -0.311561  1.01723 0.716947
-0.17667 -0.288419 -0.344222 -0.360425 -0.349768 -0.313917  1.01754 0.714728
-0.178748 -0.291753 -0.348033 -0.364135 -0.35297 -0.316282  1.01785 0.712504
-0.180846 -0.295118 -0.351878 -0.367874 -0.356192 -0.318655  1.01817 0.710275
-0.182963 -0.298515 -0.355756 -0.371644 -0.359435 -0.321038  1.01849 0.70804
-0.185058 -0.301874 -0.359589 -0.375365 -0.362632 -0.323381  1.01881 0.705846
-0.187215 -0.305335 -0.363537 -0.379194 -0.365916 -0.325782  1.01914 0.7036
-0.189394 -0.308828 -0.367519 -0.383053 -0.369221 -0.328192  1.01947 0.70135
-0.191593 -0.312355 -0.371537 -0.386944 -0.372547 -0.330612  1.01981 0.699094
-0.193813 -0.315915 -0.375591 -0.390866 -0.375896 -0.333041  1.02015 0.696832
-0.196055 -0.319508 -0.37968 -0.394819 -0.379266 -0.33548  1.0205 0.694566
-0.198318 -0.323136 -0.383807 -0.398804 -0.382658 -0.33793  1.02086 0.692294
-0.200603 -0.326798 -0.387971 -0.402822 -0.386073 -0.340389  1.02122 0.690018
-0.202862 -0.33042 -0.392085 -0.406789 -0.38944 -0.342808  1.02157 0.687782
-0.205191 -0.334152 -0.396323 -0.410871 -0.3929 -0.345288  1.02194 0.685495
-0.207541 -0.337919 -0.400599 -0.414987 -0.396383 -0.347779  1.02232 0.683204
-0.209915 -0.341722 -0.404914 -0.419136 -0.399889 -0.35028  1.0227 0.680907
-0.212312 -0.345562 -0.409268 -0.423319 -0.403419 -0.352792  1.02309 0.678605
-0.214731 -0.349438 -0.413662 -0.427537 -0.406974 -0.355316  1.02348 0.676298
-0.217174 -0.353353 -0.418095 -0.43179 -0.410552 -0.357851  1.02388 0.673986
-0.219641 -0.357304 -0.422569 -0.436078 -0.414155 -0.360398  1.02428 0.671669
-0.222081 -0.361212 -0.426991 -0.440313 -0.417709 -0.362904  1.02468 0.669395
-0.224595 -0.36524 -0.431547 -0.444672 -0.421362 -0.365474  1.02509 0.667069
-0.227134 -0.369306 -0.436144 -0.449068 -0.42504 -0.368056  1.02551 0.664737
-0.229698 -0.373413 -0.440783 -0.453501 -0.428744 -0.370652  1.02594 0.662401
-0.232288 -0.377559 -0.445466 -0.457971 -0.432475 -0.373259  1.02637 0.66006
-0.234902 -0.381746 -0.450192 -0.462479 -0.436232 -0.37588  1.02681 0.657714
-0.237542 -0.385973 -0.454962 -0.467025 -0.440016 -0.378514  1.02726 0.655364
-0.240209 -0.390242 -0.459776 -0.47161 -0.443828 -0.381162  1.02771 0.653008
-0.242846 -0.394465 -0.464535 -0.47614 -0.447589 -0.383769  1.02816 0.650697
-0.245565 -0.398818 -0.469439 -0.480803 -0.451456 -0.386444  1.02863 0.648332
-0.248311 -0.403214 -0.474389 -0.485508 -0.455351 -0.389134  1.0291 0.645962
-0.251085 -0.407653 -0.479386 -0.490252 -0.459275 -0.391838  1.02958 0.643588
-0.253886 -0.412137 -0.48443 -0.495039 -0.463229 -0.394557  1.03006 0.641209
-0.256715 -0.416665 -0.489523 -0.499868 -0.467213 -0.397292  1.03056 0.638825
-0.259573 -0.421239 -0.494664 -0.504739 -0.471227 -0.400042  1.03106 0.636437
-0.262459 -0.425859 -0.499854 -0.509653 -0.475272 -0.402809  1.03157 0.634043
-0.265315 -0.430429 -0.504987 -0.51451 -0.479265 -0.405535  1.03207 0.631694
-0.26826 -0.435142 -0.510277 -0.519512 -0.483373 -0.408334  1.03259 0.629291
-0.271235 -0.439902 -0.515619 -0.524559 -0.487512 -0.41115  1.03312 0.626884
-0.274241 -0.444711 -0.521012 -0.529652 -0.491685 -0.413984  1.03366 0.624472
-0.277277 -0.44957 -0.526459 -0.534792 -0.495891 -0.416836  1.03421 0.622055
-0.280345 -0.454478 -0.531959 -0.539978 -0.500131 -0.419707  1.03476 0.619633
-0.283444 -0.459437 -0.537513 -0.545212 -0.504406 -0.422596  1.03533 0.617206
-0.286576 -0.464447 -0.543123 -0.550496 -0.508715 -0.425505  1.0359 0.614775
-0.289675 -0.469406 -0.548672 -0.555719 -0.512972 -0.428373  1.03647 0.612388
-0.292872 -0.47452 -0.554393 -0.561101 -0.517353 -0.431321  1.03705 0.609947
-0.296102 -0.479688 -0.560173 -0.566533 -0.521771 -0.434289  1.03765 0.607501
-0.299367 -0.48491 -0.566011 -0.572018 -0.526227 -0.43728  1.03826 0.60505
-0.302667 -0.490188 -0.571908 -0.577555 -0.530721 -0.440291  1.03887 0.602594
-0.306001 -0.495523 -0.577866 -0.583146 -0.535255 -0.443326  1.0395 0.600133
-0.309372 -0.500914 -0.583885 -0.588791 -0.539829 -0.446383  1.04013 0.597667
-0.312779 -0.506363 -0.589968 -0.594492 -0.544443 -0.449464  1.04078 0.595195
-0.316152 -0.511758 -0.595987 -0.600131 -0.549003 -0.452505  1.04142 0.59277
-0.319633 -0.517325 -0.602196 -0.605944 -0.5537 -0.455634  1.04208 0.590288
-0.323151 -0.522953 -0.60847 -0.611816 -0.55844 -0.458788  1.04276 0.587802
-0.326709 -0.528643 -0.614812 -0.617747 -0.563225 -0.461969  1.04344 0.585309
-0.330306 -0.534396 -0.621221 -0.623739 -0.568054 -0.465176  1.04414 0.582812
-0.333943 -0.540213 -0.6277 -0.629792 -0.572929 -0.468411  1.04485 0.580309
-0.337622 -0.546095 -0.634249 -0.635908 -0.577851 -0.471674  1.04556 0.577801
-0.341341 -0.552044 -0.64087 -0.642088 -0.582821 -0.474967  1.04629 0.575287
-0.345103 -0.55806 -0.647564 -0.648333 -0.58784 -0.478289  1.04703 0.572767
-0.34883 -0.56402 -0.654193 -0.654516 -0.592805 -0.481573  1.04777 0.570293
-0.352678 -0.570174 -0.661036 -0.660894 -0.597924 -0.484957  1.04854 0.567762
-0.356571 -0.5764 -0.667955 -0.667342 -0.603095 -0.488374  1.04932 0.565225
-0.360509 -0.582697 -0.674954 -0.67386 -0.608319 -0.491824  1.05011 0.562682
-0.364493 -0.589069 -0.682033 -0.680451 -0.613599 -0.495308  1.05091 0.560132
-0.368525 -0.595517 -0.689194 -0.687115 -0.618935 -0.498828  1.05173 0.557577
-0.372605 -0.602042 -0.696439 -0.693855 -0.624327 -0.502385  1.05256 0.555015
-0.376735 -0.608646 -0.703769 -0.700672 -0.629779 -0.505979  1.0534 0.552446
-0.380828 -0.615192 -0.711034 -0.707425 -0.635178 -0.509538  1.05424 0.549923
-0.385058 -0.621956 -0.718538 -0.714399 -0.64075 -0.513209  1.05512 0.547342
-0.38934 -0.628804 -0.726133 -0.721456 -0.646385 -0.516923  1.056 0.544753
-0.393675 -0.635737 -0.733821 -0.728596 -0.652086 -0.520679  1.05691 0.542157
-0.398064 -0.642758 -0.741604 -0.735823 -0.657853 -0.524478  1.05783 0.539554
-0.40251 -0.649867 -0.749485 -0.743137 -0.663688 -0.528323  1.05876 0.536943
-0.407012 -0.657069 -0.757465 -0.750543 -0.669595 -0.532215  1.05971 0.534325
-0.411573 -0.664363 -0.765546 -0.75804 -0.675572 -0.536155  1.06068 0.531699
-0.416099 -0.671601 -0.773565 -0.765477 -0.6815 -0.540062  1.06165 0.529119
-0.420779 -0.679087 -0.781855 -0.773165 -0.687628 -0.544103  1.06265 0.526477
-0.425521 -0.686673 -0.790255 -0.780954 -0.693833 -0.548196  1.06367 0.523827
-0.430328 -0.694362 -0.798767 -0.788845 -0.700119 -0.552344  1.06471 0.521168
-0.4352 -0.702155 -0.807394 -0.796841 -0.706489 -0.55655  1.06577 0.5185
-0.440139 -0.710056 -0.81614 -0.804945 -0.712943 -0.560814  1.06685 0.515823
-0.445148 -0.718069 -0.825007 -0.813161 -0.719487 -0.565139  1.06796 0.513136
-0.450227 -0.726194 -0.833997 -0.821491 -0.726122 -0.569527  1.06908 0.51044
-0.455272 -0.734267 -0.842929 -0.829765 -0.732711 -0.573889  1.0702 0.507789
-0.460497 -0.742626 -0.852176 -0.838332 -0.739534 -0.578409  1.07136 0.505073
-0.465798 -0.751109 -0.86156 -0.847024 -0.746458 -0.583001  1.07255 0.502346
-0.471179 -0.759718 -0.871082 -0.855844 -0.753484 -0.587664  1.07376 0.499608
-0.47664 -0.768457 -0.880747 -0.864797 -0.760617 -0.592403  1.075 0.496859
-0.482185 -0.777331 -0.89056 -0.873887 -0.767861 -0.597221  1.07626 0.494098
-0.487815 -0.786343 -0.900526 -0.883118 -0.77522 -0.602121  1.07755 0.491325
-0.493534 -0.795497 -0.910648 -0.892495 -0.782697 -0.607105  1.07887 0.48854
-0.499225 -0.804607 -0.920722 -0.901828 -0.790141 -0.612075  1.08018 0.485798
-0.505128 -0.814056 -0.931171 -0.911509 -0.797865 -0.617238  1.08156 0.482986
-0.511128 -0.823662 -0.941793 -0.921352 -0.805721 -0.622497  1.08296 0.480161
-0.517229 -0.83343 -0.952595 -0.931363 -0.813715 -0.627856  1.08439 0.47732
-0.523433 -0.843364 -0.963581 -0.941547 -0.821851 -0.633319  1.08586 0.474465
-0.529746 -0.853473 -0.97476 -0.951911 -0.830136 -0.638891  1.08736 0.471594
-0.53617 -0.863761 -0.986138 -0.962463 -0.838575 -0.644577  1.08889 0.468707
-0.542708 -0.874234 -0.997722 -0.973208 -0.847174 -0.650381  1.09046 0.465803
-0.54923 -0.884682 -1.00928 -0.98393 -0.85576 -0.656187  1.09204 0.46294
-0.556011 -0.895545 -1.0213 -0.995084 -0.864699 -0.662242  1.09369 0.460001
-0.562922 -0.906617 -1.03355 -1.00646 -0.87382 -0.668434  1.09538 0.457041
-0.569966 -0.917905 -1.04604 -1.01806 -0.883132 -0.674768  1.09711 0.454062
-0.577151 -0.92942 -1.05878 -1.0299 -0.892643 -0.681252  1.09888 0.451062
-0.584482 -0.941171 -1.07179 -1.04199 -0.902364 -0.687894  1.10071 0.44804
-0.591964 -0.953167 -1.08507 -1.05434 -0.912304 -0.694701  1.10258 0.444995
-0.599607 -0.96542 -1.09864 -1.06697 -0.922474 -0.701682  1.1045 0.441927
-0.607255 -0.977684 -1.11223 -1.07961 -0.932672 -0.708699  1.10644 0.438896
-0.615235 -0.990483 -1.12641 -1.09282 -0.943334 -0.716053  1.10847 0.435776
-0.623399 -1.00358 -1.14092 -1.10635 -0.954265 -0.723613  1.11056 0.432628
-0.631754 -1.01698 -1.15578 -1.1202 -0.965479 -0.731389  1.11272 0.429451
-0.640312 -1.03071 -1.17101 -1.13441 -0.976992 -0.739394  1.11494 0.426243
-0.649082 -1.04479 -1.18663 -1.14899 -0.988822 -0.747643  1.11723 0.423003
-0.658079 -1.05923 -1.20265 -1.16397 -1.00099 -0.756151  1.1196 0.419728
-0.667313 -1.07406 -1.21911 -1.17936 -1.01351 -0.764933  1.12204 0.416418
-0.676602 -1.08898 -1.23568 -1.19487 -1.02615 -0.773822  1.12452 0.413137
-0.686351 -1.10463 -1.25308 -1.21117 -1.03945 -0.783206  1.12714 0.409748
-0.696384 -1.12075 -1.271 -1.22797 -1.05318 -0.792927  1.12985 0.406315
-0.706722 -1.13736 -1.28947 -1.2453 -1.06738 -0.803007  1.13266 0.402837
-0.717382 -1.1545 -1.30854 -1.26321 -1.08207 -0.813476  1.13559 0.399309
-0.728391 -1.1722 -1.32825 -1.28174 -1.0973 -0.824362  1.13863 0.395728
-0.739774 -1.1905 -1.34864 -1.30094 -1.1131 -0.835701  1.1418 0.392092
-0.75156 -1.20946 -1.36978 -1.32086 -1.12953 -0.847529  1.1451 0.388394
-0.763528 -1.22871 -1.39126 -1.34112 -1.14629 -0.859633  1.14848 0.38471
-0.776214 -1.24913 -1.41405 -1.36265 -1.16412 -0.872566  1.1521 0.380878
-0.789415 -1.27038 -1.43779 -1.3851 -1.18276 -0.886133  1.15589 0.376971
-0.80318 -1.29254 -1.46257 -1.40857 -1.20229 -0.900403  1.15988 0.372981
-0.817566 -1.31571 -1.4885 -1.43316 -1.2228 -0.915447  1.16409 0.368902
-0.832638 -1.34 -1.51569 -1.45899 -1.24439 -0.931351  1.16853 0.364723
-0.848472 -1.36552 -1.5443 -1.48619 -1.2672 -0.948218  1.17324 0.360436
-0.865158 -1.39242 -1.57448 -1.51495 -1.29136 -0.966163  1.17825 0.356029
-0.882437 -1.42028 -1.60577 -1.54481 -1.31652 -0.984927  1.1835 0.351582
-0.901154 -1.45048 -1.63971 -1.57725 -1.34394 -1.00546  1.18923 0.346895
-0.92112 -1.4827 -1.67598 -1.61198 -1.37337 -1.0276  1.19541 0.34204
-0.942532 -1.51727 -1.71492 -1.64934 -1.40512 -1.05159  1.20212 0.336994
-0.965641 -1.55459 -1.75702 -1.6898 -1.43962 -1.07778  1.20943 0.331729
-0.974458 -1.56882 -1.77251 -1.70386 -1.45039 -1.08465  1.2119 0.33053
-0.977773 -1.57415 -1.77775 -1.70773 -1.45199 -1.08406  1.21248 0.330831
-0.981086 -1.57947 -1.78298 -1.71156 -1.45355 -1.08343  1.21307 0.331134
-0.98433 -1.58468 -1.78807 -1.71529 -1.45504 -1.08276  1.21363 0.331432
-0.98764 -1.58999 -1.79326 -1.71907 -1.45651 -1.08204  1.21421 0.331737
-0.99095 -1.5953 -1.79843 -1.72281 -1.45794 -1.08127  1.21479 0.332045
-0.994257 -1.60059 -1.80358 -1.72652 -1.45933 -1.08046  1.21537 0.332354
-0.997563 -1.60588 -1.80871 -1.73019 -1.46067 -1.0796  1.21594 0.332665
-1.00087 -1.61117 -1.81382 -1.73383 -1.46197 -1.07869  1.21651 0.332978
-1.00417 -1.61644 -1.81891 -1.73744 -1.46323 -1.07774  1.21708 0.333293
-1.00747 -1.62171 -1.82398 -1.74101 -1.46443 -1.07674  1.21765 0.333609
-1.01071 -1.62686 -1.82894 -1.74448 -1.46558 -1.07572  1.21821 0.333921
-1.014 -1.63212 -1.83397 -1.74799 -1.4667 -1.07463  1.21877 0.334242
-1.0173 -1.63737 -1.83899 -1.75146 -1.46777 -1.07349  1.21934 0.334564
-1.0206 -1.64261 -1.84398 -1.7549 -1.4688 -1.07231  1.2199 0.334888
-1.0239 -1.64784 -1.84896 -1.75831 -1.46978 -1.07108  1.22046 0.335215
-1.02719 -1.65307 -1.85392 -1.76168 -1.47072 -1.0698  1.22102 0.335544
-1.03049 -1.65829 -1.85886 -1.76501 -1.47161 -1.06848  1.22157 0.335874
-1.03378 -1.6635 -1.86378 -1.76831 -1.47246 -1.06711  1.22213 0.336207
-1.037 -1.6686 -1.86858 -1.77151 -1.47325 -1.06573  1.22267 0.336535
-1.0403 -1.6738 -1.87346 -1.77475 -1.47401 -1.06427  1.22323 0.336872
-1.04359 -1.67899 -1.87832 -1.77794 -1.47472 -1.06277  1.22378 0.337212
-1.04688 -1.68418 -1.88317 -1.78111 -1.47538 -1.06122  1.22433 0.337553
-1.05018 -1.68936 -1.88799 -1.78423 -1.476 -1.05962  1.22487 0.337897
-1.05347 -1.69453 -1.8928 -1.78733 -1.47658 -1.05798  1.22542 0.338242
-1.05676 -1.6997 -1.89758 -1.79039 -1.47711 -1.05629  1.22597 0.338591
-1.06006 -1.70487 -1.90235 -1.79341 -1.47759 -1.05456  1.22651 0.338941
-1.06328 -1.70992 -1.907 -1.79634 -1.47802 -1.05282  1.22704 0.339286
-1.06658 -1.71507 -1.91173 -1.7993 -1.47841 -1.05099  1.22759 0.339641
-1.06987 -1.72022 -1.91645 -1.80222 -1.47876 -1.04913  1.22813 0.339999
-1.07317 -1.72536 -1.92114 -1.8051 -1.47906 -1.04721  1.22867 0.340358
-1.07647 -1.7305 -1.92582 -1.80795 -1.47932 -1.04526  1.22921 0.34072
-1.07977 -1.73564 -1.93048 -1.81077 -1.47953 -1.04325  1.22975 0.341085
-1.08307 -1.74077 -1.93512 -1.81355 -1.47969 -1.0412  1.23028 0.341451
-1.08637 -1.74589 -1.93974 -1.8163 -1.47981 -1.03911  1.23082 0.341821
-1.08961 -1.75091 -1.94425 -1.81896 -1.47989 -1.03702  1.23135 0.342185
-1.09292 -1.75602 -1.94884 -1.82163 -1.47991 -1.03484  1.23188 0.342559
-1.09623 -1.76113 -1.95341 -1.82428 -1.4799 -1.03261  1.23242 0.342936
-1.09954 -1.76624 -1.95796 -1.82689 -1.47984 -1.03034  1.23295 0.343315
-1.10285 -1.77135 -1.9625 -1.82946 -1.47973 -1.02803  1.23349 0.343697
-1.10617 -1.77645 -1.96701 -1.832 -1.47957 -1.02567  1.23402 0.344081
-1.10949 -1.78155 -1.97151 -1.83451 -1.47938 -1.02327  1.23455 0.344468
-1.11281 -1.78664 -1.976 -1.83698 -1.47913 -1.02082  1.23509 0.344858
-1.11607 -1.79163 -1.98037 -1.83936 -1.47885 -1.01838  1.23561 0.345242
-1.1194 -1.79672 -1.98482 -1.84177 -1.47851 -1.01585  1.23614 0.345637
-1.12273 -1.80181 -1.98925 -1.84413 -1.47813 -1.01327  1.23667 0.346034
-1.12607 -1.8069 -1.99367 -1.84647 -1.47771 -1.01065  1.2372 0.346435
-1.12941 -1.81198 -1.99807 -1.84876 -1.47724 -1.00799  1.23774 0.346838
-1.13275 -1.81706 -2.00245 -1.85103 -1.47672 -1.00528  1.23827 0.347243
-1.1361 -1.82214 -2.00682 -1.85326 -1.47616 -1.00253  1.2388 0.347652
-1.13946 -1.82722 -2.01117 -1.85545 -1.47556 -0.999743  1.23933 0.348064
-1.14275 -1.8322 -2.01542 -1.85757 -1.47492 -0.996966  1.23986 0.348469
-1.14611 -1.83727 -2.01974 -1.8597 -1.47422 -0.994089  1.24039 0.348887
-1.14948 -1.84235 -2.02404 -1.86179 -1.47348 -0.991171  1.24092 0.349306
-1.15286 -1.84743 -2.02833 -1.86385 -1.4727 -0.988209  1.24146 0.34973
-1.15624 -1.8525 -2.0326 -1.86587 -1.47187 -0.985205  1.24199 0.350156
-1.15962 -1.85758 -2.03686 -1.86786 -1.47099 -0.982159  1.24253 0.350585
-1.16301 -1.86265 -2.04111 -1.86982 -1.47007 -0.979071  1.24306 0.351017
-1.16641 -1.86773 -2.04533 -1.87174 -1.46911 -0.975942  1.2436 0.351451
-1.16974 -1.8727 -2.04946 -1.87359 -1.46812 -0.972836  1.24413 0.351881
-1.17315 -1.87778 -2.05366 -1.87545 -1.46706 -0.969623  1.24466 0.352322
-1.17657 -1.88285 -2.05784 -1.87727 -1.46596 -0.966369  1.2452 0.352766
-1.17999 -1.88793 -2.06201 -1.87905 -1.46481 -0.963073  1.24574 0.353214
-1.18343 -1.89302 -2.06617 -1.88081 -1.46363 -0.959738  1.24628 0.353665
-1.18686 -1.8981 -2.07031 -1.88253 -1.46239 -0.95636  1.24683 0.354119
-1.19031 -1.90318 -2.07444 -1.88421 -1.46111 -0.952941  1.24737 0.354576
-1.19376 -1.90827 -2.07855 -1.88586 -1.45979 -0.949483  1.24792 0.355036
-1.19719 -1.91331 -2.0826 -1.88743 -1.45838 -0.945947  1.24845 0.355508
-1.20056 -1.91825 -2.08654 -1.88892 -1.45694 -0.942442  1.24898 0.355973
-1.20401 -1.92329 -2.09056 -1.89042 -1.45544 -0.938823  1.24952 0.356452
-1.20746 -1.92833 -2.09456 -1.89187 -1.45389 -0.935165  1.25005 0.356934
-1.21093 -1.93338 -2.09855 -1.8933 -1.45229 -0.931467  1.2506 0.357419
-1.2144 -1.93844 -2.10253 -1.89469 -1.45066 -0.92773  1.25114 0.357907
-1.21788 -1.9435 -2.10649 -1.89606 -1.44897 -0.923953  1.25168 0.3584
-1.22137 -1.94856 -2.11044 -1.89738 -1.44725 -0.920136  1.25223 0.358895
-1.22487 -1.95362 -2.11438 -1.89868 -1.44548 -0.916282  1.25278 0.359394
-1.22832 -1.95859 -2.11823 -1.89991 -1.4437 -0.912468  1.25332 0.359887
-1.23184 -1.96367 -2.12215 -1.90114 -1.44185 -0.908536  1.25387 0.360393
-1.23537 -1.96875 -2.12606 -1.90234 -1.43995 -0.904566  1.25443 0.360903
-1.23891 -1.97384 -2.12995 -1.9035 -1.438 -0.900556  1.25499 0.361416
-1.24247 -1.97894 -2.13384 -1.90464 -1.43602 -0.89651  1.25555 0.361934
-1.24603 -1.98404 -2.13771 -1.90574 -1.43399 -0.892424  1.25611 0.362454
-1.24961 -1.98915 -2.14157 -1.9068 -1.43192 -0.888302  1.25668 0.362979
-1.2532 -1.99426 -2.14543 -1.90784 -1.4298 -0.88414  1.25725 0.363507
-1.25673 -1.99928 -2.14919 -1.90882 -1.42769 -0.880028  1.25781 0.364028
-1.26034 -2.00441 -2.15302 -1.90979 -1.42548 -0.875793  1.25838 0.364564
-1.26397 -2.00955 -2.15685 -1.91073 -1.42324 -0.87152  1.25896 0.365104
-1.26761 -2.01469 -2.16066 -1.91164 -1.42095 -0.867212  1.25954 0.365647
-1.27126 -2.01985 -2.16447 -1.91251 -1.41862 -0.862865  1.26012 0.366194
-1.27493 -2.02501 -2.16826 -1.91336 -1.41625 -0.858482  1.26071 0.366746
-1.27861 -2.03018 -2.17205 -1.91417 -1.41383 -0.854063  1.2613 0.367301
-1.2823 -2.03536 -2.17583 -1.91495 -1.41137 -0.849606  1.2619 0.36786
-1.28593 -2.04045 -2.17952 -1.91568 -1.40893 -0.845207  1.26248 0.368412
-1.28965 -2.04565 -2.18328 -1.9164 -1.40638 -0.840679  1.26308 0.368979
-1.29339 -2.05087 -2.18704 -1.91709 -1.4038 -0.836115  1.26369 0.36955
-1.29714 -2.05609 -2.19078 -1.91774 -1.40117 -0.831515  1.2643 0.370126
-1.3009 -2.06132 -2.19452 -1.91837 -1.3985 -0.82688  1.26491 0.370705
-1.30469 -2.06657 -2.19825 -1.91896 -1.39579 -0.82221  1.26553 0.371289
-1.30848 -2.07183 -2.20198 -1.91952 -1.39303 -0.817504  1.26615 0.371877
-1.3123 -2.0771 -2.2057 -1.92005 -1.39024 -0.812764  1.26678 0.372468
-1.31605 -2.08227 -2.20933 -1.92055 -1.38746 -0.808086  1.26739 0.373053
-1.31989 -2.08757 -2.21304 -1.92102 -1.38458 -0.803276  1.26803 0.373653
-1.32375 -2.09287 -2.21674 -1.92146 -1.38166 -0.798432  1.26867 0.374258
-1.32763 -2.0982 -2.22043 -1.92187 -1.3787 -0.793553  1.26931 0.374867
-1.33153 -2.10353 -2.22412 -1.92224 -1.37569 -0.788639  1.26996 0.37548
-1.33544 -2.10888 -2.2278 -1.92259 -1.37265 -0.783692  1.27061 0.376098
-1.33938 -2.11424 -2.23148 -1.92291 -1.36956 -0.778711  1.27127 0.37672
-1.34333 -2.11962 -2.23515 -1.9232 -1.36643 -0.773696  1.27193 0.377346
-1.34722 -2.12491 -2.23874 -1.92345 -1.36332 -0.76875  1.27259 0.377964
-1.3512 -2.13032 -2.2424 -1.92368 -1.36011 -0.763669  1.27326 0.3786
-1.35521 -2.13574 -2.24606 -1.92388 -1.35686 -0.758554  1.27394 0.379239
-1.35923 -2.14118 -2.24972 -1.92405 -1.35357 -0.753405  1.27463 0.379884
-1.36328 -2.14664 -2.25337 -1.92419 -1.35023 -0.748224  1.27532 0.380533
-1.36735 -2.15212 -2.25702 -1.9243 -1.34685 -0.74301  1.27602 0.381186
-1.37143 -2.15761 -2.26066 -1.92438 -1.34344 -0.737763  1.27672 0.381845
-1.37554 -2.16312 -2.2643 -1.92443 -1.33998 -0.732484  1.27743 0.382507
-1.37958 -2.16853 -2.26787 -1.92445 -1.33655 -0.727281  1.27813 0.383161
-1.38373 -2.17408 -2.2715 -1.92445 -1.33301 -0.721938  1.27885 0.383833
-1.3879 -2.17965 -2.27514 -1.92441 -1.32943 -0.716562  1.27958 0.384509
-1.39209 -2.18523 -2.27877 -1.92435 -1.32581 -0.711154  1.28031 0.385191
-1.3963 -2.19084 -2.2824 -1.92425 -1.32215 -0.705715  1.28105 0.385876
-1.40054 -2.19646 -2.28603 -1.92413 -1.31845 -0.700245  1.2818 0.386567
-1.4048 -2.20211 -2.28966 -1.92398 -1.31471 -0.694742  1.28255 0.387263
-1.40908 -2.20777 -2.29328 -1.9238 -1.31092 -0.689208  1.28332 0.387963
-1.4133 -2.21335 -2.29684 -1.9236 -1.30718 -0.683758  1.28407 0.388653
-1.41762 -2.21906 -2.30046 -1.92336 -1.30332 -0.678162  1.28485 0.389363
-1.42198 -2.22479 -2.30409 -1.92309 -1.29941 -0.672535  1.28563 0.390078
-1.42635 -2.23054 -2.30772 -1.9228 -1.29547 -0.666878  1.28642 0.390798
-1.43075 -2.23632 -2.31134 -1.92248 -1.29149 -0.66119  1.28722 0.391522
-1.43518 -2.24212 -2.31497 -1.92213 -1.28746 -0.655472  1.28802 0.392251
-1.43963 -2.24794 -2.3186 -1.92175 -1.2834 -0.649723  1.28884 0.392985
-1.44411 -2.25379 -2.32223 -1.92135 -1.27929 -0.643944  1.28966 0.393725
-1.44852 -2.25955 -2.32579 -1.92093 -1.27523 -0.638253  1.29047 0.394453
-1.45305 -2.26544 -2.32942 -1.92047 -1.27105 -0.632415  1.29131 0.395202
-1.4576 -2.27137 -2.33306 -1.91998 -1.26683 -0.626546  1.29216 0.395956
-1.46218 -2.27732 -2.3367 -1.91947 -1.26256 -0.620648  1.29301 0.396715
-1.46679 -2.28329 -2.34034 -1.91892 -1.25826 -0.61472  1.29388 0.397479
-1.47143 -2.2893 -2.34398 -1.91835 -1.25391 -0.608763  1.29475 0.398247
-1.4761 -2.29533 -2.34763 -1.91776 -1.24953 -0.602776  1.29563 0.399021
-1.48079 -2.30138 -2.35128 -1.91713 -1.24511 -0.596759  1.29653 0.3998
-1.48542 -2.30734 -2.35486 -1.9165 -1.24074 -0.590837  1.29741 0.400568
-1.49017 -2.31346 -2.35852 -1.91582 -1.23624 -0.584764  1.29832 0.401357
-1.49495 -2.3196 -2.36218 -1.91512 -1.2317 -0.578662  1.29924 0.402151
-1.49976 -2.32578 -2.36585 -1.91439 -1.22711 -0.572531  1.30017 0.40295
-1.5046 -2.33198 -2.36952 -1.91363 -1.22249 -0.56637  1.30111 0.403754
-1.50947 -2.33821 -2.3732 -1.91285 -1.21783 -0.560181  1.30206 0.404563
-1.51438 -2.34448 -2.37689 -1.91204 -1.21313 -0.553964  1.30302 0.405377
-1.51931 -2.35077 -2.38058 -1.9112 -1.20839 -0.547718  1.30399 0.406197
-1.52417 -2.35697 -2.3842 -1.91036 -1.20371 -0.541573  1.30495 0.407004
-1.52917 -2.36333 -2.3879 -1.90947 -1.19889 -0.535271  1.30594 0.407833
-1.5342 -2.36973 -2.39161 -1.90855 -1.19404 -0.528942  1.30694 0.408668
-1.53926 -2.37615 -2.39533 -1.90761 -1.18914 -0.522583  1.30796 0.409508
-1.54436 -2.38261 -2.39905 -1.90665 -1.1842 -0.516197  1.30898 0.410352
-1.54949 -2.38911 -2.40278 -1.90565 -1.17922 -0.509784  1.31002 0.411202
-1.55465 -2.39564 -2.40653 -1.90464 -1.17421 -0.503343  1.31107 0.412057
-1.55985 -2.40221 -2.41028 -1.90359 -1.16915 -0.496872  1.31213 0.412917
-1.56498 -2.40867 -2.41396 -1.90254 -1.16416 -0.490508  1.31317 0.413765
-1.57024 -2.41531 -2.41772 -1.90145 -1.15903 -0.483984  1.31426 0.414635
-1.57555 -2.42199 -2.4215 -1.90033 -1.15385 -0.477432  1.31535 0.41551
-1.58089 -2.4287 -2.42528 -1.89918 -1.14864 -0.470853  1.31646 0.41639
-1.58626 -2.43545 -2.42908 -1.89801 -1.14339 -0.464247  1.31758 0.417276
-1.59167 -2.44224 -2.43288 -1.89681 -1.13809 -0.457612  1.31872 0.418167
-1.59712 -2.44907 -2.4367 -1.89559 -1.13276 -0.45095  1.31986 0.419062
-1.60261 -2.45593 -2.44053 -1.89435 -1.12739 -0.444262  1.32102 0.419963
-1.60802 -2.4627 -2.44429 -1.8931 -1.12209 -0.437683  1.32217 0.42085
-1.61359 -2.46965 -2.44814 -1.8918 -1.11664 -0.43094  1.32336 0.421761
-1.61919 -2.47663 -2.452 -1.89048 -1.11114 -0.42417  1.32456 0.422677
-1.62483 -2.48367 -2.45587 -1.88913 -1.10561 -0.417373  1.32577 0.423598
-1.63051 -2.49074 -2.45976 -1.88776 -1.10004 -0.410547  1.327 0.424524
-1.63624 -2.49786 -2.46366 -1.88636 -1.09443 -0.403697  1.32824 0.425455
-1.642 -2.50502 -2.46757 -1.88494 -1.08878 -0.396818  1.3295 0.426391
-1.6478 -2.51222 -2.4715 -1.88349 -1.08308 -0.389911  1.33077 0.427333
-1.65353 -2.51932 -2.47536 -1.88205 -1.07747 -0.38312  1.33203 0.42826
-1.65942 -2.52661 -2.47931 -1.88055 -1.07169 -0.37616  1.33333 0.429211
-1.66535 -2.53395 -2.48328 -1.87903 -1.06588 -0.369174  1.33465 0.430167
-1.67132 -2.54134 -2.48726 -1.87749 -1.06003 -0.36216  1.33598 0.431128
-1.67733 -2.54877 -2.49126 -1.87592 -1.05413 -0.355118  1.33733 0.432094
-1.68339 -2.55625 -2.49527 -1.87432 -1.04819 -0.348049  1.3387 0.433065
-1.6895 -2.56377 -2.4993 -1.8727 -1.04222 -0.340953  1.34008 0.434041
-1.69565 -2.57135 -2.50334 -1.87105 -1.0362 -0.333831  1.34148 0.435022
-1.70171 -2.57882 -2.50732 -1.86942 -1.03026 -0.326826  1.34286 0.435988
-1.70795 -2.58649 -2.51139 -1.86772 -1.02416 -0.319649  1.34429 0.436979
-1.71424 -2.59422 -2.51549 -1.866 -1.01802 -0.312444  1.34574 0.437974
-1.72057 -2.602 -2.5196 -1.86426 -1.01184 -0.305211  1.34721 0.438975
-1.72695 -2.60983 -2.52373 -1.86249 -1.00561 -0.297951  1.34869 0.43998
-1.73338 -2.6177 -2.52788 -1.86069 -0.999343 -0.290663  1.35019 0.44099
-1.73985 -2.62564 -2.53204 -1.85887 -0.993033 -0.283347  1.35171 0.442005
-1.74638 -2.63362 -2.53622 -1.85703 -0.986681 -0.276005  1.35325 0.443025
-1.75282 -2.6415 -2.54034 -1.8552 -0.980417 -0.268784  1.35477 0.444029
-1.75944 -2.64959 -2.54456 -1.8533 -0.973979 -0.261385  1.35635 0.445058
-1.76611 -2.65774 -2.5488 -1.85138 -0.967498 -0.253957  1.35794 0.446093
-1.77284 -2.66595 -2.55306 -1.84944 -0.960974 -0.246502  1.35955 0.447131
-1.77961 -2.67421 -2.55734 -1.84747 -0.954406 -0.239018  1.36118 0.448175
-1.78644 -2.68253 -2.56164 -1.84547 -0.947795 -0.231506  1.36284 0.449224
-1.79332 -2.69091 -2.56596 -1.84345 -0.94114 -0.223965  1.36451 0.450277
-1.80025 -2.69935 -2.5703 -1.8414 -0.93444 -0.216395  1.3662 0.451335
-1.80709 -2.70767 -2.57457 -1.83938 -0.927835 -0.208952  1.36788 0.452375
-1.81413 -2.71622 -2.57895 -1.83728 -0.921045 -0.201324  1.36962 0.453442
-1.82122 -2.72484 -2.58336 -1.83515 -0.914213 -0.193668  1.37137 0.454514
-1.82837 -2.73351 -2.58779 -1.833 -0.907333 -0.185981  1.37315 0.45559
-1.83557 -2.74225 -2.59223 -1.83082 -0.900408 -0.178265  1.37495 0.456672
-1.84283 -2.75105 -2.5967 -1.82862 -0.893437 -0.170519  1.37677 0.457757
-1.85014 -2.75991 -2.6012 -1.82639 -0.886421 -0.162744  1.37861 0.458847
-1.85752 -2.76884 -2.60571 -1.82413 -0.879357 -0.154937  1.38048 0.459942
-1.86479 -2.77764 -2.61016 -1.8219 -0.872391 -0.14726  1.38233 0.461019
-1.87228 -2.7867 -2.61473 -1.81959 -0.865235 -0.139394  1.38424 0.462122
-1.87982 -2.79582 -2.61931 -1.81725 -0.858029 -0.131496  1.38618 0.463231
-1.88743 -2.805 -2.62392 -1.81488 -0.850775 -0.123567  1.38814 0.464344
-1.8951 -2.81426 -2.62856 -1.81249 -0.843473 -0.115605  1.39012 0.465461
-1.90282 -2.82358 -2.63321 -1.81007 -0.836121 -0.107613  1.39213 0.466583
-1.9106 -2.83297 -2.63789 -1.80762 -0.82872 -0.0995883  1.39416 0.467709
-1.91845 -2.84242 -2.6426 -1.80514 -0.821268 -0.0915311  1.39622 0.46884
-1.9262 -2.85176 -2.64724 -1.80268 -0.813921 -0.0836065  1.39826 0.469952
-1.93417 -2.86135 -2.65199 -1.80014 -0.806369 -0.0754844  1.40037 0.471092
-1.9422 -2.87102 -2.65678 -1.79757 -0.798766 -0.0673295  1.40251 0.472237
-1.9503 -2.88075 -2.66158 -1.79498 -0.791111 -0.0591406  1.40467 0.473385
-1.95846 -2.89057 -2.66642 -1.79235 -0.783405 -0.050918  1.40686 0.474538
-1.96668 -2.90045 -2.67127 -1.78969 -0.775644 -0.0426606  1.40907 0.475696
-1.97497 -2.9104 -2.67616 -1.78701 -0.767831 -0.0343692  1.41131 0.476858
-1.98333 -2.92043 -2.68107 -1.78428 -0.759963 -0.0260419  1.41358 0.478025
-1.99175 -2.93053 -2.686 -1.78153 -0.75204 -0.0176799  1.41588 0.479196
-2.00007 -2.9405 -2.69086 -1.7788 -0.744226 -0.0094534  1.41816 0.480347
-2.00862 -2.95076 -2.69585 -1.77599 -0.736193 -0.00102042  1.42052 0.481527
-2.01725 -2.96108 -2.70086 -1.77314 -0.728105 0.00744913  1.4229 0.482712
-2.02594 -2.97149 -2.7059 -1.77025 -0.719957 0.0159564  1.42531 0.483901
-2.0347 -2.98197 -2.71097 -1.76733 -0.711752 0.0245009  1.42776 0.485094
-2.04353 -2.99253 -2.71606 -1.76438 -0.70349 0.0330832  1.43023 0.486292
-2.05243 -3.00317 -2.72118 -1.76139 -0.695169 0.0417032  1.43273 0.487495
-2.0614 -3.01388 -2.72632 -1.75837 -0.686787 0.0503622  1.43527 0.488701
-2.07026 -3.02446 -2.73138 -1.75537 -0.678517 0.058883  1.43778 0.489888
-2.07937 -3.03533 -2.73658 -1.75227 -0.670014 0.0676204  1.44038 0.491105
-2.08855 -3.04629 -2.7418 -1.74914 -0.661449 0.0763973  1.44301 0.492325
-2.09781 -3.05732 -2.74704 -1.74596 -0.65282 0.0852153  1.44567 0.49355
-2.10714 -3.06844 -2.75231 -1.74275 -0.644127 0.0940741  1.44836 0.49478
-2.11654 -3.07963 -2.75761 -1.73949 -0.63537 0.102975  1.45108 0.496015
-2.12602 -3.09091 -2.76293 -1.7362 -0.626548 0.111917  1.45384 0.497255
-2.13557 -3.10227 -2.76828 -1.73286 -0.617659 0.120903  1.45664 0.498499
-2.14497 -3.11344 -2.7735 -1.72952 -0.608862 0.129759  1.4594 0.499727
-2.15463 -3.1249 -2.77882 -1.72604 -0.599803 0.138848  1.46224 0.500988
-2.16436 -3.13645 -2.78418 -1.72253 -0.590676 0.147981  1.46512 0.502254
-2.17417 -3.14808 -2.78956 -1.71897 -0.58148 0.157158  1.46803 0.503524
-2.18406 -3.15979 -2.79496 -1.71536 -0.572211 0.16638  1.47098 0.5048
-2.19402 -3.17159 -2.80038 -1.7117 -0.562872 0.175647  1.47396 0.50608
-2.20406 -3.18348 -2.80583 -1.708 -0.553459 0.184962  1.47698 0.507366
-2.21417 -3.19543 -2.81129 -1.70425 -0.543971 0.194322  1.48004 0.508657
-2.22415 -3.20723 -2.81666 -1.70052 -0.534604 0.203537  1.48306 0.509926
-2.23441 -3.21936 -2.82217 -1.69667 -0.524967 0.212991  1.48619 0.511226
-2.24475 -3.23157 -2.82769 -1.69276 -0.515253 0.222493  1.48935 0.512532
-2.25518 -3.24387 -2.83323 -1.6888 -0.505462 0.232045  1.49255 0.513844
-2.26567 -3.25625 -2.83879 -1.68479 -0.49559 0.241645  1.49579 0.51516
-2.27624 -3.2687 -2.84437 -1.68072 -0.485637 0.251296  1.49906 0.516482
-2.28689 -3.28125 -2.84996 -1.67659 -0.475604 0.260996  1.50238 0.51781
-2.29763 -3.29389 -2.85557 -1.67241 -0.46549 0.270748  1.50573 0.519142
-2.30821 -3.30633 -2.86107 -1.66825 -0.455497 0.28035  1.50905 0.520454
-2.31909 -3.31913 -2.86671 -1.66394 -0.445215 0.290204  1.51247 0.521797
-2.33005 -3.332 -2.87236 -1.65958 -0.434847 0.30011  1.51594 0.523147
-2.34109 -3.34496 -2.87802 -1.65514 -0.424389 0.310068  1.51944 0.524502
-2.35221 -3.35799 -2.88369 -1.65065 -0.413846 0.32008  1.52299 0.525863
-2.3634 -3.37111 -2.88937 -1.64608 -0.403212 0.330146  1.52657 0.52723
-2.37467 -3.38431 -2.89506 -1.64146 -0.392488 0.340266  1.53019 0.528603
-2.38601 -3.39759 -2.90076 -1.63676 -0.381673 0.350439  1.53385 0.529981
-2.3972 -3.41068 -2.90635 -1.63208 -0.370988 0.36046  1.53748 0.531337
-2.4087 -3.42411 -2.91205 -1.62724 -0.359987 0.370742  1.54121 0.532728
-2.42027 -3.43762 -2.91775 -1.62232 -0.34889 0.381081  1.54499 0.534125
-2.43192 -3.45122 -2.92347 -1.61733 -0.337699 0.391477  1.54881 0.535528
-2.44364 -3.46487 -2.92917 -1.61226 -0.326409 0.401927  1.55267 0.536937
-2.45545 -3.47862 -2.93488 -1.60712 -0.315021 0.412435  1.55657 0.538352
-2.46731 -3.49243 -2.94059 -1.60189 -0.303532 0.422999  1.56051 0.539775
-2.47926 -3.50631 -2.94628 -1.59658 -0.291944 0.43362  1.56449 0.541203
-2.49103 -3.51999 -2.95186 -1.59129 -0.280492 0.444079  1.56843 0.542608
-2.50312 -3.53401 -2.95754 -1.58581 -0.268701 0.454812  1.57248 0.54405
-2.51527 -3.5481 -2.96321 -1.58024 -0.256805 0.465603  1.57658 0.545498
-2.5275 -3.56226 -2.96887 -1.57459 -0.244806 0.47645  1.58072 0.546952
-2.5398 -3.57648 -2.97451 -1.56884 -0.232698 0.487356  1.58489 0.548413
-2.55216 -3.59076 -2.98014 -1.563 -0.220485 0.498317  1.58911 0.549881
-2.56459 -3.60511 -2.98575 -1.55706 -0.208164 0.509335  1.59336 0.551356
-2.57708 -3.61952 -2.99134 -1.55103 -0.195735 0.52041  1.59765 0.552837
-2.58939 -3.63369 -2.99679 -1.54503 -0.183453 0.531313  1.60189 0.554295
-2.602 -3.6482 -3.00232 -1.5388 -0.170805 0.542498  1.60625 0.55579
-2.61468 -3.66277 -3.00782 -1.53246 -0.158047 0.553739  1.61066 0.557291
-2.62742 -3.67738 -3.0133 -1.52603 -0.145179 0.565032  1.6151 0.5588
-2.64021 -3.69205 -3.01874 -1.51948 -0.132198 0.576383  1.61957 0.560315
-2.65307 -3.70676 -3.02414 -1.51284 -0.119105 0.587786  1.62408 0.561837
-2.66597 -3.72151 -3.0295 -1.50608 -0.105898 0.599241  1.62863 0.563366
-2.67893 -3.73631 -3.03483 -1.49921 -0.0925797 0.610748  1.63321 0.564901
-2.69167 -3.75083 -3.04 -1.49236 -0.0794211 0.62207  1.63772 0.566412
-2.70473 -3.7657 -3.04523 -1.48527 -0.0658771 0.633678  1.64237 0.567961
-2.71783 -3.78059 -3.05041 -1.47806 -0.0522186 0.645335  1.64704 0.569517
-2.73097 -3.79551 -3.05554 -1.47073 -0.0384483 0.657036  1.65175 0.571079
-2.74416 -3.81045 -3.0606 -1.46328 -0.0245623 0.668787  1.65649 0.572648
-2.75738 -3.82541 -3.06561 -1.4557 -0.0105628 0.68058  1.66126 0.574223
-2.77064 -3.8404 -3.07056 -1.44801 0.00354737 0.692418  1.66605 0.575805
-2.78393 -3.85539 -3.07544 -1.44019 0.0177723 0.704297  1.67087 0.577392
-2.79699 -3.87009 -3.08015 -1.43242 0.0318137 0.715971  1.67562 0.578953
-2.81034 -3.8851 -3.08489 -1.42435 0.0462604 0.727928  1.6805 0.580553
-2.82371 -3.90011 -3.08956 -1.41616 0.0608154 0.739918  1.68539 0.582159
-2.83711 -3.91512 -3.09414 -1.40783 0.0754809 0.751942  1.69031 0.583771
-2.85053 -3.93012 -3.09864 -1.39938 0.0902556 0.764  1.69525 0.585388
-2.86397 -3.94511 -3.10306 -1.39079 0.105136 0.776085  1.70021 0.58701
-2.87741 -3.96009 -3.10739 -1.38208 0.120121 0.788196  1.70518 0.588637
-2.89087 -3.97504 -3.11163 -1.37323 0.135214 0.800331  1.71018 0.59027
-2.90407 -3.98968 -3.11569 -1.36443 0.150096 0.812241  1.71508 0.591874
-2.91753 -4.00459 -3.11974 -1.35532 0.165389 0.824417  1.72011 0.593516
-2.93101 -4.01948 -3.12369 -1.34607 0.18078 0.836608  1.72514 0.595162
-2.94447 -4.03432 -3.12754 -1.33669 0.196268 0.848811  1.73019 0.596812
-2.95793 -4.04912 -3.13127 -1.32718 0.211852 0.861024  1.73524 0.598467
-2.97138 -4.06388 -3.1349 -1.31753 0.227526 0.873243  1.7403 0.600125
-2.98481 -4.07859 -3.13842 -1.30774 0.243291 0.885464  1.74537 0.601786
-2.99824 -4.09325 -3.14182 -1.29782 0.259143 0.897686  1.75044 0.60345
-3.01136 -4.10754 -3.14503 -1.28797 0.274754 0.909652  1.75541 0.605084
-3.02474 -4.12209 -3.1482 -1.27779 0.290769 0.921863  1.76048 0.606753
-3.03809 -4.13656 -3.15125 -1.26748 0.306861 0.93406  1.76555 0.608425
-3.0514 -4.15096 -3.15417 -1.25703 0.323031 0.946243  1.77062 0.610098
-3.06469 -4.16529 -3.15695 -1.24645 0.33927 0.958405  1.77568 0.611773
-3.07793 -4.17953 -3.15961 -1.23574 0.355578 0.970544  1.78073 0.61345
-3.09114 -4.1937 -3.16214 -1.2249 0.371949 0.982657  1.78578 0.615127
-3.1043 -4.20778 -3.16454 -1.21394 0.388381 0.994739  1.79081 0.616804
-3.11714 -4.22147 -3.16675 -1.20308 0.404532 1.00654  1.79573 0.618447
-3.13021 -4.23537 -3.16888 -1.19186 0.421073 1.01855  1.80074 0.620125
-3.14322 -4.24916 -3.17087 -1.18053 0.437662 1.03051  1.80573 0.621802
-3.15616 -4.26285 -3.17271 -1.16907 0.454294 1.04242  1.8107 0.623478
-3.16906 -4.27644 -3.17442 -1.1575 0.470967 1.05429  1.81565 0.625152
-3.18188 -4.28991 -3.17598 -1.14581 0.487675 1.06609  1.82058 0.626826
-3.19465 -4.30327 -3.17739 -1.134 0.504416 1.07784  1.82549 0.628497
-3.20734 -4.31652 -3.17866 -1.12208 0.521182 1.08952  1.83037 0.630166
-3.2197 -4.32938 -3.17977 -1.11031 0.537626 1.1009  1.83512 0.631798
-3.23225 -4.34239 -3.18076 -1.09818 0.554434 1.11244  1.83995 0.633461
-3.24472 -4.35527 -3.18159 -1.08594 0.571251 1.1239  1.84474 0.635121
-3.25711 -4.36802 -3.18228 -1.07361 0.588078 1.13528  1.84951 0.636777
-3.26942 -4.38065 -3.18283 -1.06117 0.604908 1.14658  1.85424 0.638429
-3.28164 -4.39314 -3.18322 -1.04865 0.621737 1.15778  1.85893 0.640077
-3.29378 -4.4055 -3.18348 -1.03603 0.63856 1.16889  1.86359 0.64172
-3.30583 -4.41772 -3.18358 -1.02332 0.655372 1.17991  1.86821 0.643359
-3.31754 -4.42955 -3.18354 -1.01078 0.671827 1.1906  1.8727 0.644958
-3.32941 -4.4415 -3.18335 -0.99791 0.688603 1.20141  1.87724 0.646586
-3.34119 -4.45331 -3.18303 -0.984957 0.705357 1.21211  1.88174 0.648208
-3.35288 -4.46497 -3.18256 -0.971926 0.722082 1.2227  1.8862 0.649824
-3.36446 -4.47649 -3.18194 -0.958825 0.738771 1.23317  1.89061 0.651434
-3.37595 -4.48787 -3.18119 -0.945655 0.755424 1.24352  1.89498 0.653037
-3.38734 -4.49909 -3.18029 -0.932417 0.772033 1.25375  1.89931 0.654633
-3.39863 -4.51018 -3.17925 -0.919119 0.788596 1.26385  1.90358 0.656223
-3.40959 -4.52089 -3.1781 -0.906035 0.804771 1.27363  1.90772 0.657772
-3.42069 -4.53168 -3.17679 -0.892624 0.821228 1.28347  1.91191 0.659348
-3.43168 -4.54233 -3.17535 -0.879163 0.837626 1.29319  1.91604 0.660916
-3.44257 -4.55283 -3.17378 -0.865652 0.85396 1.30276  1.92013 0.662476
-3.45335 -4.56318 -3.17207 -0.852097 0.870228 1.3122  1.92416 0.664029
-3.46404 -4.57339 -3.17023 -0.838501 0.886424 1.32149  1.92815 0.665573
-3.47462 -4.58344 -3.16827 -0.824865 0.902545 1.33064  1.93208 0.66711
-3.4851 -4.59336 -3.16618 -0.811197 0.918589 1.33965  1.93596 0.668639
-3.49526 -4.60292 -3.16401 -0.797776 0.934224 1.34832  1.93971 0.670128
-3.50554 -4.61256 -3.16168 -0.784048 0.950103 1.35703  1.94349 0.671641
-3.51572 -4.62204 -3.15923 -0.770295 0.965892 1.36558  1.94722 0.673145
-3.52579 -4.63137 -3.15666 -0.756518 0.98159 1.37398  1.9509 0.674641
-3.53576 -4.64057 -3.15398 -0.742724 0.997194 1.38223  1.95452 0.676129
-3.54563 -4.64963 -3.15118 -0.728914 1.0127 1.39032  1.95809 0.677608
-3.55541 -4.65855 -3.14827 -0.715089 1.02811 1.39825  1.96162 0.67908
-3.56508 -4.66732 -3.14525 -0.701256 1.04341 1.40602  1.96508 0.680543
-3.57446 -4.67579 -3.14219 -0.687697 1.0583 1.41348  1.96843 0.681968
-3.58394 -4.68431 -3.13897 -0.673851 1.0734 1.42093  1.9718 0.683415
-3.59332 -4.69268 -3.13565 -0.660003 1.08838 1.42822  1.97511 0.684854
-3.60261 -4.70093 -3.13222 -0.646155 1.10325 1.43535  1.97838 0.686285
-3.61181 -4.70905 -3.1287 -0.63231 1.11801 1.44232  1.98159 0.687707
-3.62091 -4.71703 -3.12509 -0.61847 1.13266 1.44912  1.98476 0.689122
-3.62992 -4.7249 -3.12138 -0.604638 1.14719 1.45577  1.98787 0.690529
-3.63884 -4.73264 -3.11758 -0.590815 1.16159 1.46224  1.99094 0.691929
-3.64767 -4.74025 -3.11369 -0.577005 1.17588 1.46855  1.99396 0.69332
-3.65623 -4.74759 -3.1098 -0.563488 1.18976 1.47458  1.99686 0.694676
-3.66489 -4.75497 -3.10575 -0.549707 1.2038 1.48056  1.99978 0.696053
-3.67346 -4.76223 -3.10162 -0.535943 1.21773 1.48639  2.00266 0.697424
-3.68195 -4.76938 -3.09741 -0.522199 1.23152 1.49205  2.00549 0.698786
-3.69036 -4.77642 -3.09312 -0.508476 1.24519 1.49755  2.00827 0.700143
-3.69869 -4.78334 -3.08875 -0.494776 1.25874 1.50288  2.01101 0.701492
-3.70694 -4.79016 -3.08432 -0.4811 1.27216 1.50805  2.01371 0.702835
-3.71512 -4.79688 -3.07981 -0.46745 1.28545 1.51306  2.01636 0.704171
-3.72305 -4.80334 -3.07533 -0.454106 1.29834 1.51781  2.01891 0.705474
-3.73107 -4.80985 -3.07069 -0.440511 1.31137 1.5225  2.02148 0.706798
-3.73903 -4.81626 -3.06598 -0.426946 1.32427 1.52704  2.024 0.708117
-3.74691 -4.82257 -3.06121 -0.413413 1.33704 1.53141  2.02649 0.70943
-3.75472 -4.82878 -3.05638 -0.399911 1.34969 1.53562  2.02893 0.710737
-3.76247 -4.83491 -3.0515 -0.386442 1.3622 1.53968  2.03134 0.712039
-3.77015 -4.84093 -3.04655 -0.373008 1.37458 1.54358  2.03371 0.713335
-3.77777 -4.84688 -3.04155 -0.359609 1.38683 1.54732  2.03604 0.714627
-3.78517 -4.8526 -3.0366 -0.346517 1.39871 1.55084  2.03829 0.715888
-3.79267 -4.85838 -3.03149 -0.33319 1.4107 1.55428  2.04055 0.717171
-3.80011 -4.86406 -3.02634 -0.3199 1.42256 1.55756  2.04277 0.71845
-3.80749 -4.86967 -3.02113 -0.306649 1.43429 1.5607  2.04496 0.719724
-3.81481 -4.8752 -3.01588 -0.293435 1.4459 1.56369  2.04712 0.720994
-3.82208 -4.88064 -3.01058 -0.28026 1.45737 1.56652  2.04924 0.722261
-3.8293 -4.88601 -3.00523 -0.267126 1.46871 1.56921  2.05134 0.723525
-3.83647 -4.89131 -2.99984 -0.254031 1.47993 1.57175  2.0534 0.724785
-3.84344 -4.89644 -2.99453 -0.241242 1.49079 1.5741  2.05539 0.726016
-3.85051 -4.9016 -2.98906 -0.228228 1.50175 1.57636  2.05739 0.72727
-3.85754 -4.90669 -2.98355 -0.215255 1.51258 1.57847  2.05937 0.728522
-3.86452 -4.91172 -2.978 -0.202323 1.52329 1.58044  2.06132 0.729771
-3.87146 -4.91667 -2.97241 -0.189433 1.53387 1.58227  2.06324 0.731018
-3.87836 -4.92158 -2.9668 -0.176586 1.54432 1.58396  2.06514 0.732263
-3.88522 -4.92641 -2.96114 -0.163777 1.55465 1.58551  2.06701 0.733506
-3.89204 -4.9312 -2.95545 -0.151014 1.56486 1.58693  2.06885 0.734747
-3.89868 -4.93582 -2.94984 -0.13855 1.57474 1.58818  2.07064 0.735962
-3.90543 -4.94048 -2.94408 -0.125868 1.5847 1.58933  2.07244 0.737201
-3.91213 -4.94509 -2.93829 -0.113228 1.59453 1.59035  2.07421 0.738439
-3.91882 -4.94965 -2.93248 -0.100631 1.60425 1.59123  2.07597 0.739676
-3.92546 -4.95415 -2.92663 -0.0880751 1.61385 1.59199  2.07771 0.740912
-3.93208 -4.9586 -2.92075 -0.0755608 1.62332 1.59261  2.07942 0.742149
-3.93867 -4.96302 -2.91485 -0.0630889 1.63268 1.59311  2.08112 0.743385
-3.94523 -4.96737 -2.90892 -0.0506583 1.64191 1.59348  2.0828 0.74462
-3.95163 -4.97159 -2.90308 -0.0385213 1.65085 1.59372  2.08443 0.745832
-3.95813 -4.97586 -2.8971 -0.0261722 1.65985 1.59384  2.08607 0.747068
-3.96461 -4.98007 -2.89108 -0.0138631 1.66873 1.59384  2.08769 0.748305
-3.97107 -4.98425 -2.88504 -0.00159541 1.6775 1.59372  2.0893 0.749543
-3.97751 -4.98838 -2.87898 0.0106314 1.68615 1.59347  2.09089 0.750783
-3.98391 -4.99246 -2.87288 0.0228186 1.69469 1.59311  2.09247 0.752022
-3.99015 -4.99632 -2.86664 0.0349806 1.70305 1.59255  2.09394 0.753263
-3.99637 -5.00012 -2.86037 0.0471023 1.7113 1.59186  2.09539 0.754505
-4.00243 -5.00381 -2.85421 0.0589374 1.71926 1.59108  2.09681 0.755724
-4.00861 -5.00755 -2.8479 0.070978 1.72728 1.59017  2.09823 0.75697
-4.01477 -5.01123 -2.84156 0.0829802 1.73519 1.58914  2.09965 0.758218
-4.02092 -5.0149 -2.83521 0.0949408 1.74298 1.588  2.10105 0.759468
-4.02705 -5.01853 -2.82883 0.106862 1.75067 1.58675  2.10245 0.76072
-4.03317 -5.02212 -2.82243 0.118746 1.75824 1.58538  2.10383 0.761975
-4.03928 -5.02568 -2.81602 0.130589 1.76571 1.5839  2.1052 0.763234
-4.04536 -5.0292 -2.80957 0.142395 1.77307 1.58232  2.10656 0.764495
-4.0511 -5.03233 -2.80307 0.153936 1.78007 1.58054  2.10775 0.765732
-4.05694 -5.03551 -2.7964 0.165679 1.78711 1.57862  2.10896 0.766997
-4.06277 -5.03864 -2.78972 0.177383 1.79404 1.57659  2.11015 0.768267
-4.06858 -5.04174 -2.78301 0.189047 1.80085 1.57445  2.11134 0.769539
-4.07439 -5.04481 -2.77628 0.200674 1.80757 1.57221  2.11251 0.770817
-4.08019 -5.04786 -2.76954 0.212262 1.81417 1.56986  2.11368 0.772097
-4.08597 -5.05087 -2.76278 0.223812 1.82067 1.56741  2.11484 0.773382
-4.09176 -5.05387 -2.756 0.235326 1.82707 1.56486  2.11599 0.774671
-4.09742 -5.05678 -2.74934 0.246569 1.83324 1.56226  2.11712 0.775938
-4.10321 -5.05973 -2.74253 0.258009 1.83943 1.55951  2.11826 0.777236
-4.10899 -5.06265 -2.7357 0.269414 1.84552 1.55667  2.11941 0.778539
-4.11477 -5.06556 -2.72886 0.280782 1.85151 1.55373  2.12054 0.779847
-4.12054 -5.06845 -2.722 0.292115 1.85741 1.55069  2.12168 0.78116
-4.12632 -5.07132 -2.71513 0.303413 1.8632 1.54755  2.12281 0.782479
-4.13211 -5.07418 -2.70823 0.314676 1.86889 1.54433  2.12394 0.783803
-4.13789 -5.07701 -2.70133 0.325907 1.87449 1.54101  2.12507 0.785132
-4.14356 -5.07976 -2.69455 0.336874 1.87987 1.53766  2.12617 0.78644
-4.14935 -5.08256 -2.68761 0.348037 1.88528 1.53416  2.1273 0.787782
-4.15515 -5.08536 -2.68067 0.359166 1.89059 1.53057  2.12843 0.78913
-4.16095 -5.08813 -2.6737 0.370263 1.8958 1.52688  2.12955 0.790483
-4.16676 -5.09089 -2.66672 0.381328 1.90092 1.52311  2.13068 0.791844
-4.17258 -5.09363 -2.65972 0.392361 1.90594 1.51925  2.13181 0.793211
-4.1784 -5.09636 -2.65272 0.403362 1.91087 1.51531  2.13294 0.794585
-4.18423 -5.09908 -2.64569 0.414333 1.91571 1.51127  2.13407 0.795965
-4.18995 -5.10173 -2.6388 0.425049 1.92035 1.50724  2.13518 0.797325
-4.19581 -5.10443 -2.63175 0.435959 1.92501 1.50304  2.13632 0.79872
-4.20167 -5.10711 -2.62468 0.446838 1.92957 1.49875  2.13745 0.800122
-4.20754 -5.1098 -2.61759 0.457688 1.93404 1.49438  2.1386 0.801532
-4.21343 -5.11246 -2.6105 0.468507 1.93842 1.48993  2.13974 0.80295
-4.21932 -5.11512 -2.60339 0.4793 1.94271 1.4854  2.14089 0.804376
-4.22523 -5.11777 -2.59626 0.490062 1.94692 1.48078  2.14205 0.80581
-4.23116 -5.12041 -2.58912 0.500795 1.95103 1.47608  2.14321 0.807252
-4.23697 -5.12299 -2.58212 0.511282 1.95497 1.47141  2.14435 0.808672
-4.24292 -5.12562 -2.57495 0.521961 1.95891 1.46655  2.14552 0.810132
-4.24889 -5.12824 -2.56776 0.532612 1.96276 1.46162  2.1467 0.811599
-4.25487 -5.13085 -2.56056 0.543235 1.96652 1.45661  2.14788 0.813076
-4.26086 -5.13346 -2.55335 0.553831 1.97019 1.45152  2.14907 0.814562
-4.26688 -5.13607 -2.54612 0.5644 1.97378 1.44635  2.15026 0.816056
-4.27291 -5.13866 -2.53888 0.574942 1.97728 1.44111  2.15147 0.81756
-4.27896 -5.14126 -2.53162 0.585459 1.9807 1.43579  2.15268 0.819074
-4.28491 -5.14379 -2.5245 0.595736 1.98396 1.43051  2.15387 0.820566
-4.291 -5.14638 -2.51722 0.6062 1.98721 1.42504  2.1551 0.822098
-4.2971 -5.14896 -2.50991 0.61664 1.99037 1.41949  2.15633 0.823642
-4.30322 -5.15154 -2.5026 0.627053 1.99344 1.41388  2.15757 0.825194
-4.30937 -5.15412 -2.49527 0.63744 1.99643 1.40819  2.15883 0.826758
-4.31554 -5.15669 -2.48792 0.647805 1.99934 1.40242  2.16009 0.828331
-4.32172 -5.15926 -2.48056 0.658142 2.00216 1.39659  2.16136 0.829916
-4.32793 -5.16183 -2.47319 0.668454 2.0049 1.39068  2.16264 0.831511
-4.33404 -5.16436 -2.46595 0.678533 2.0075 1.38482  2.16391 0.833084
-4.34029 -5.16692 -2.45855 0.688798 2.01007 1.37877  2.16521 0.834701
-4.34657 -5.16949 -2.45113 0.699037 2.01256 1.37265  2.16652 0.836329
-4.35287 -5.17207 -2.44369 0.709252 2.01497 1.36646  2.16785 0.837969
-4.35919 -5.17463 -2.43624 0.719441 2.01728 1.36019  2.16918 0.83962
-4.36555 -5.17721 -2.42878 0.729606 2.01953 1.35386  2.17053 0.841283
-4.37192 -5.17977 -2.4213 0.739747 2.02168 1.34746  2.17189 0.842957
-4.37832 -5.18235 -2.41381 0.749865 2.02375 1.34099  2.17327 0.844643
-4.38461 -5.18487 -2.40646 0.759751 2.0257 1.33458  2.17462 0.846308
-4.39107 -5.18746 -2.39894 0.769819 2.02761 1.32798  2.17602 0.84802
-4.39755 -5.19004 -2.39141 0.779863 2.02943 1.3213  2.17743 0.849742
-4.40406 -5.19263 -2.38386 0.789882 2.03117 1.31456  2.17886 0.851479
-4.41059 -5.19521 -2.3763 0.799875 2.03283 1.30774  2.1803 0.853228
-4.41715 -5.19781 -2.36872 0.809845 2.0344 1.30087  2.18175 0.85499
-4.42374 -5.2004 -2.36113 0.819789 2.03589 1.29392  2.18322 0.856767
-4.43036 -5.203 -2.35353 0.829708 2.0373 1.2869  2.1847 0.858555
-4.43687 -5.20556 -2.34607 0.839399 2.0386 1.27997  2.18617 0.860321
-4.44355 -5.20817 -2.33844 0.849266 2.03984 1.27282  2.18768 0.862136
-4.45026 -5.21079 -2.3308 0.859108 2.04099 1.26561  2.1892 0.863966
-4.457 -5.21342 -2.32314 0.868924 2.04206 1.25833  2.19075 0.86581
-4.46377 -5.21604 -2.31547 0.878713 2.04305 1.25098  2.19231 0.867668
-4.47057 -5.21868 -2.30779 0.888474 2.04395 1.24357  2.19388 0.86954
-4.4774 -5.22133 -2.3001 0.898207 2.04476 1.23609  2.19548 0.871428
-4.48427 -5.22399 -2.2924 0.907913 2.04549 1.22854  2.19709 0.87333
-4.49102 -5.2266 -2.28484 0.917393 2.04612 1.22108  2.19868 0.875207
-4.49795 -5.22927 -2.27712 0.927041 2.04668 1.2134  2.20032 0.877138
-4.50492 -5.23195 -2.26938 0.936662 2.04715 1.20566  2.20198 0.879086
-4.51192 -5.23464 -2.26164 0.94625 2.04753 1.19785  2.20366 0.881048
-4.51896 -5.23735 -2.25389 0.955809 2.04782 1.18998  2.20536 0.883027
-4.52602 -5.24006 -2.24612 0.965335 2.04803 1.18203  2.20708 0.885021
-4.53312 -5.24278 -2.23835 0.974827 2.04814 1.17402  2.20881 0.887032
-4.54026 -5.24552 -2.23057 0.984287 2.04816 1.16594  2.21057 0.889058
-4.54728 -5.24821 -2.22294 0.993521 2.04809 1.15796  2.21231 0.891059
-4.5545 -5.25098 -2.21515 1.00291 2.04793 1.14975  2.21411 0.893119
-4.56174 -5.25375 -2.20735 1.01227 2.04768 1.14147  2.21592 0.895195
-4.56903 -5.25655 -2.19955 1.02158 2.04733 1.13313  2.21776 0.897289
-4.57636 -5.25935 -2.19174 1.03086 2.04689 1.12471  2.21961 0.8994
-4.58371 -5.26218 -2.18393 1.0401 2.04635 1.11623  2.22149 0.901528
-4.59111 -5.26502 -2.17612 1.0493 2.04571 1.10768  2.22339 0.903674
-4.59856 -5.26788 -2.16831 1.05845 2.04497 1.09906  2.22531 0.905838
-4.60603 -5.27076 -2.1605 1.06756 2.04413 1.09037  2.22726 0.90802
-4.6134 -5.27359 -2.15285 1.07644 2.04321 1.08179  2.22918 0.910176
-4.62096 -5.2765 -2.14504 1.08545 2.04217 1.07296  2.23117 0.912396
-4.62856 -5.27945 -2.13724 1.09442 2.04102 1.06406  2.23319 0.914634
-4.63621 -5.28241 -2.12944 1.10333 2.03977 1.05508  2.23522 0.916892
-4.64389 -5.28539 -2.12166 1.11219 2.03841 1.04604  2.23729 0.919168
-4.65163 -5.2884 -2.11388 1.121 2.03694 1.03692  2.23938 0.921464
-4.6594 -5.29144 -2.10611 1.12974 2.03536 1.02773  2.24149 0.92378
-4.66723 -5.29451 -2.09836 1.13843 2.03366 1.01847  2.24363 0.926116
-4.67493 -5.29754 -2.09078 1.14687 2.03188 1.00932  2.24575 0.928426
-4.68284 -5.30066 -2.08306 1.15542 2.02995 0.999898  2.24794 0.930804
-4.6908 -5.30382 -2.07536 1.16391 2.02789 0.990404  2.25016 0.933202
-4.69881 -5.30701 -2.06769 1.17232 2.02571 0.980831  2.25241 0.935622
-4.70688 -5.31024 -2.06004 1.18065 2.02341 0.971181  2.25469 0.938064
-4.71499 -5.31351 -2.05242 1.18891 2.02097 0.961447  2.257 0.940527
-4.72315 -5.31682 -2.04483 1.19707 2.0184 0.951633  2.25934 0.943014
-4.73136 -5.32016 -2.03728 1.20515 2.0157 0.941734  2.26171 0.945522
-4.73946 -5.32349 -2.02992 1.21297 2.01291 0.931956  2.26407 0.948003
-4.74779 -5.32693 -2.02245 1.22087 2.00993 0.921889  2.26651 0.950557
-4.75618 -5.33044 -2.01504 1.22865 2.00679 0.911735  2.26899 0.953136
-4.76461 -5.33398 -2.00767 1.23633 2.0035 0.901488  2.27149 0.955739
-4.77311 -5.33759 -2.00036 1.24389 2.00006 0.891152  2.27404 0.958366
-4.78168 -5.34127 -1.99312 1.25134 1.99646 0.880724  2.27663 0.961018
-4.79032 -5.34501 -1.98595 1.25866 1.99269 0.870202  2.27926 0.963697
-4.79902 -5.34881 -1.97885 1.26584 1.98875 0.859578  2.28192 0.966401
-4.80761 -5.35262 -1.97198 1.27274 1.98472 0.84908  2.28458 0.969075
-4.81645 -5.35659 -1.96505 1.27964 1.98042 0.838259  2.28734 0.971831
-4.82537 -5.36064 -1.95822 1.28638 1.97594 0.82733  2.29014 0.974616
-4.83436 -5.36479 -1.9515 1.29295 1.97126 0.816299  2.293 0.977427
-4.84345 -5.36903 -1.94489 1.29935 1.96638 0.805156  2.29591 0.980268
-4.85261 -5.37338 -1.93841 1.30557 1.96129 0.7939  2.29887 0.983136
-4.86188 -5.37786 -1.93206 1.31159 1.95599 0.782532  2.3019 0.986036
-4.87123 -5.38245 -1.92586 1.3174 1.95046 0.771042  2.30498 0.988963
-4.8805 -5.38709 -1.91994 1.32289 1.94482 0.759671  2.30807 0.991862
-4.89007 -5.39196 -1.91407 1.32826 1.93882 0.747936  2.31129 0.994852
-4.89975 -5.39698 -1.90837 1.33338 1.93258 0.73607  2.31459 0.997874
-4.90955 -5.40217 -1.90288 1.33825 1.92607 0.724073  2.31796 1.00093
-4.91949 -5.40755 -1.89761 1.34284 1.91929 0.711935  2.32142 1.00402
-4.92956 -5.41313 -1.89257 1.34715 1.91223 0.69966  2.32498 1.00714
-4.93979 -5.41891 -1.88778 1.35114 1.90488 0.687234  2.32863 1.0103
-4.95016 -5.42492 -1.88326 1.35481 1.89722 0.674658  2.33238 1.01349
-4.9605 -5.43106 -1.87912 1.35808 1.88941 0.662187  2.33617 1.01665
-4.97123 -5.43758 -1.8752 1.36105 1.88111 0.649294  2.34016 1.01991
-4.98215 -5.4444 -1.87163 1.36363 1.87246 0.636237  2.34429 1.02321
-4.99329 -5.45154 -1.86842 1.36581 1.86346 0.623002  2.34855 1.02656
-5.00466 -5.45902 -1.86562 1.36756 1.85409 0.609594  2.35297 1.02993
-5.01629 -5.46688 -1.86324 1.36884 1.84432 0.595998  2.35757 1.03335
-5.02817 -5.47514 -1.86132 1.36964 1.83415 0.582215  2.36234 1.03681
-5.04037 -5.48386 -1.8599 1.36993 1.82356 0.568235  2.36732 1.04031
-5.05262 -5.49287 -1.85904 1.36969 1.81276 0.554345  2.37241 1.04377
-5.06548 -5.50258 -1.85872 1.36887 1.80129 0.539954  2.37785 1.04735
-5.07872 -5.51287 -1.85903 1.36745 1.78934 0.525352  2.38355 1.05098
-5.09237 -5.52378 -1.86001 1.3654 1.77691 0.510524  2.38954 1.05464
-5.10648 -5.53538 -1.86171 1.36266 1.76395 0.495467  2.39585 1.05835
-5.1211 -5.54772 -1.86419 1.35922 1.75048 0.480179  2.40252 1.0621
-5.13625 -5.56087 -1.8675 1.35503 1.73646 0.464647  2.40956 1.06589
-5.152 -5.57491 -1.87171 1.35005 1.72188 0.448869  2.41703 1.06972
-5.16541 -5.58453 -1.86992 1.35126 1.71195 0.435288  2.42298 1.07337
-5.17683 -5.58988 -1.86191 1.35874 1.70622 0.423305  2.42751 1.077
-5.18832 -5.59525 -1.85386 1.36621 1.7004 0.411264  2.43209 1.08066
-5.19988 -5.60067 -1.84577 1.37369 1.69452 0.399175  2.43673 1.08435
-5.21151 -5.60609 -1.83764 1.38116 1.68856 0.387027  2.44141 1.08807
-5.22322 -5.61156 -1.82946 1.38864 1.68252 0.374824  2.44615 1.09182
-5.23499 -5.61705 -1.82125 1.39612 1.67641 0.36257  2.45095 1.09561
-5.24685 -5.62258 -1.813 1.4036 1.67023 0.35026  2.4558 1.09942
-5.25852 -5.62801 -1.80487 1.41092 1.66409 0.338146  2.4606 1.10319
-5.27051 -5.63359 -1.79653 1.41841 1.65776 0.325727  2.46555 1.10706
-5.28259 -5.63921 -1.78815 1.42589 1.65135 0.313256  2.47057 1.11097
-5.29472 -5.64485 -1.77972 1.43338 1.64486 0.300724  2.47564 1.11491
-5.30694 -5.65052 -1.77125 1.44086 1.6383 0.28814  2.48077 1.11888
-5.31922 -5.65622 -1.76273 1.44835 1.63165 0.275495  2.48595 1.12289
-5.33159 -5.66194 -1.75417 1.45585 1.62493 0.262802  2.49119 1.12693
-5.34402 -5.6677 -1.74556 1.46335 1.61814 0.250047  2.49649 1.13099
-5.35628 -5.67336 -1.73708 1.47069 1.6114 0.237502  2.50174 1.13501
-5.36886 -5.67917 -1.72838 1.4782 1.60445 0.224635  2.50715 1.13915
-5.38152 -5.68501 -1.71963 1.4857 1.59742 0.211716  2.51263 1.14332
-5.39425 -5.69087 -1.71082 1.49321 1.59031 0.198738  2.51816 1.14752
-5.40705 -5.69675 -1.70196 1.50072 1.58312 0.185702  2.52375 1.15175
-5.41994 -5.70267 -1.69306 1.50824 1.57584 0.172609  2.52941 1.15603
-5.43289 -5.70861 -1.6841 1.51576 1.56849 0.159459  2.53512 1.16033
-5.44592 -5.71457 -1.67508 1.52329 1.56106 0.146252  2.54089 1.16467
-5.45875 -5.72044 -1.6662 1.53066 1.5537 0.133258  2.5466 1.16895
-5.47194 -5.72647 -1.65709 1.53819 1.54611 0.119936  2.55251 1.17335
-5.48519 -5.73251 -1.64792 1.54573 1.53843 0.106553  2.55846 1.17779
-5.49851 -5.73856 -1.63868 1.55327 1.53068 0.0931177  2.56448 1.18227
-5.51191 -5.74465 -1.6294 1.56082 1.52284 0.0796206  2.57056 1.18678
-5.52539 -5.75076 -1.62005 1.56837 1.51492 0.0660658  2.57671 1.19132
-5.53894 -5.75689 -1.61065 1.57593 1.50691 0.0524519  2.58292 1.1959
-5.55255 -5.76304 -1.60119 1.58349 1.49882 0.0387773  2.58918 1.20051
-5.56597 -5.76908 -1.59186 1.59091 1.49081 0.0253285  2.59539 1.20507
-5.57974 -5.77528 -1.58228 1.59848 1.48256 0.0115388  2.60179 1.20975
-5.59358 -5.78149 -1.57263 1.60605 1.47421 -0.00230983  2.60824 1.21447
-5.6075 -5.78772 -1.56292 1.61364 1.46579 -0.0162196  2.61477 1.21923
-5.62148 -5.79397 -1.55315 1.62122 1.45727 -0.0301836  2.62136 1.22402
-5.63554 -5.80023 -1.54331 1.62882 1.44867 -0.0442127  2.62801 1.22884
-5.64968 -5.80652 -1.53341 1.63643 1.43999 -0.0582982  2.63474 1.2337
-5.66388 -5.81282 -1.52344 1.64403 1.43121 -0.072444  2.64152 1.2386
-5.67786 -5.819 -1.51361 1.65149 1.42253 -0.0863585  2.64822 1.24343
-5.69219 -5.82531 -1.5035 1.6591 1.41358 -0.100624  2.65513 1.2484
-5.70661 -5.83166 -1.49333 1.66673 1.40454 -0.114949  2.66211 1.2534
-5.7211 -5.83801 -1.48308 1.67436 1.39542 -0.129333  2.66915 1.25844
-5.73565 -5.84437 -1.47276 1.682 1.38621 -0.143775  2.67625 1.26351
-5.75027 -5.85074 -1.46238 1.68963 1.3769 -0.158279  2.68343 1.26863
-5.76495 -5.85711 -1.45191 1.69729 1.36751 -0.17284  2.69066 1.27377
-5.7797 -5.8635 -1.44137 1.70494 1.35802 -0.187465  2.69795 1.27895
-5.79422 -5.86976 -1.43098 1.71244 1.34865 -0.201848  2.70517 1.28406
-5.80911 -5.87616 -1.42029 1.7201 1.33898 -0.216588  2.71259 1.28931
-5.82405 -5.88255 -1.40953 1.72777 1.32922 -0.231389  2.72007 1.2946
-5.83906 -5.88896 -1.39868 1.73545 1.31937 -0.246246  2.72763 1.29992
-5.85414 -5.89537 -1.38776 1.74313 1.30943 -0.261165  2.73524 1.30527
-5.86928 -5.90178 -1.37676 1.75082 1.2994 -0.276144  2.74293 1.31067
-5.88448 -5.90818 -1.36567 1.75851 1.28927 -0.29118  2.75067 1.31609
-5.89973 -5.91458 -1.3545 1.76621 1.27904 -0.306277  2.75847 1.32155
-5.91474 -5.92084 -1.34348 1.77375 1.26894 -0.321116  2.76618 1.32693
-5.93011 -5.92723 -1.33215 1.78146 1.25853 -0.336327  2.7741 1.33246
-5.94554 -5.93361 -1.32073 1.78916 1.24803 -0.351593  2.78208 1.33802
-5.96103 -5.94 -1.30923 1.79688 1.23743 -0.36692  2.79014 1.34361
-5.97657 -5.94637 -1.29764 1.8046 1.22674 -0.382299  2.79824 1.34924
-5.99216 -5.95271 -1.28596 1.81232 1.21594 -0.397735  2.80641 1.3549
-6.0078 -5.95905 -1.27419 1.82004 1.20505 -0.413231  2.81463 1.36059
-6.0235 -5.96537 -1.26233 1.82776 1.19407 -0.428779  2.82291 1.36631
-6.03891 -5.97155 -1.25063 1.83534 1.18322 -0.444065  2.83107 1.37195
-6.0547 -5.97783 -1.23859 1.84306 1.17204 -0.459723  2.83946 1.37773
-6.07053 -5.9841 -1.22646 1.85079 1.16076 -0.475434  2.84791 1.38355
-6.08641 -5.99035 -1.21424 1.85853 1.14939 -0.491198  2.85641 1.3894
-6.10233 -5.99657 -1.20192 1.86626 1.13792 -0.507013  2.86497 1.39527
-6.1183 -6.00277 -1.18951 1.87399 1.12635 -0.522884  2.87358 1.40118
-6.1343 -6.00894 -1.17701 1.88173 1.11469 -0.538803  2.88223 1.40711
-6.15032 -6.01506 -1.16441 1.88945 1.10292 -0.554773  2.89093 1.41307
-6.16606 -6.02104 -1.15196 1.89702 1.0913 -0.570464  2.8995 1.41894
-6.18216 -6.02711 -1.13916 1.90475 1.07934 -0.586531  2.9083 1.42495
-6.19829 -6.03313 -1.12627 1.91247 1.06727 -0.602641  2.91714 1.43099
-6.21444 -6.03912 -1.11327 1.92019 1.05511 -0.618801  2.92602 1.43706
-6.23064 -6.04507 -1.10018 1.9279 1.04285 -0.635006  2.93496 1.44315
-6.24684 -6.05098 -1.08699 1.93561 1.0305 -0.65125  2.94392 1.44926
-6.26306 -6.05683 -1.07369 1.94331 1.01804 -0.667542  2.95292 1.45539
-6.27932 -6.06265 -1.0603 1.951 1.00548 -0.683874  2.96196 1.46155
-6.29526 -6.06829 -1.04708 1.95853 0.99308 -0.699913  2.97086 1.46761
-6.31153 -6.07399 -1.03348 1.96621 0.980326 -0.71632  2.97996 1.4738
-6.32782 -6.07965 -1.01978 1.97387 0.967472 -0.732767  2.9891 1.48002
-6.34412 -6.08524 -1.00598 1.98152 0.954523 -0.749249  2.99827 1.48626
-6.36043 -6.09078 -0.992078 1.98916 0.941471 -0.765764  3.00747 1.49251
