0 0 0 0 0 0 0  1 1
0 0 0 0 0 0 0  1 1
-8.58355e-06 -1.45503e-05 -1.87843e-05 -2.22241e-05 -2.51967e-05 -2.78632e-05 -3.02851e-05  1 0.999968
-1.90759e-05 -3.27404e-05 -4.22669e-05 -5.00078e-05 -5.66991e-05 -6.26884e-05 -6.81418e-05  1 0.999929
-3.38633e-05 -5.82099e-05 -7.51462e-05 -8.89079e-05 -0.000100804 -0.000111443 -0.000121137  1 0.999874
-5.22324e-05 -9.02214e-05 -0.000116469 -0.000137795 -0.000156229 -0.000172707 -0.000187726  1 0.999805
-7.53792e-05 -0.000130113 -0.000167962 -0.00019871 -0.000225286 -0.000249032 -0.000270676  1 0.999719
-0.000102592 -0.000177298 -0.000228866 -0.000270753 -0.00030695 -0.000339282 -0.000368751  1 0.999617
-0.000134115 -0.000231783 -0.000299188 -0.000353928 -0.000401225 -0.000443456 -0.000481941  1 0.999499
-0.000169714 -0.000293574 -0.000378936 -0.000448242 -0.000508113 -0.000561552 -0.000610238  1 0.999365
-0.000209634 -0.000362683 -0.000468118 -0.000553701 -0.000627618 -0.000693566 -0.000753634  1 0.999216
-0.000253882 -0.000439116 -0.000566746 -0.000670314 -0.000759744 -0.000839497 -0.000912115  1 0.999051
-0.000302227 -0.000522886 -0.00067483 -0.000798089 -0.000904495 -0.000999341 -0.00108567  1 0.99887
-0.000353718 -0.000612071 -0.000789888 -0.000934088 -0.00105854 -0.00116941 -0.00127029  1 0.998678
-0.000410521 -0.000710399 -0.000916727 -0.00108399 -0.00122829 -0.00135679 -0.00147365  1 0.998466
-0.000471686 -0.0008161 -0.00105306 -0.00124508 -0.00141069 -0.00155807 -0.00169204  1 0.998239
-0.000536987 -0.000929191 -0.00119891 -0.00141738 -0.00160573 -0.00177325 -0.00192545  1 0.997995
-0.000606671 -0.00104969 -0.00135428 -0.00160089 -0.00181343 -0.00200232 -0.00217385  1 0.997736
-0.000680753 -0.0011776 -0.0015192 -0.00179563 -0.00203378 -0.00224529 -0.00243724  1 0.997461
-0.000759005 -0.00131296 -0.00169369 -0.00200162 -0.0022668 -0.00250214 -0.00271558  1 0.99717
-0.00084168 -0.00145577 -0.00187775 -0.00221887 -0.00251249 -0.00277287 -0.00300887  1 0.996864
-0.000926623 -0.00160292 -0.00206737 -0.00244262 -0.00276546 -0.00305153 -0.00331063  1 0.996549
-0.00101794 -0.00176056 -0.00227047 -0.00268221 -0.00303626 -0.00334973 -0.00363342  1 0.996212
-0.00111349 -0.00192571 -0.00248322 -0.0029331 -0.00331976 -0.00366178 -0.00397108  1 0.995859
-0.00121353 -0.00209841 -0.00270564 -0.00319533 -0.00361597 -0.0039877 -0.00432359  1 0.99549
-0.00131783 -0.00227867 -0.00293775 -0.0034689 -0.0039249 -0.00432746 -0.00469091  1 0.995106
-0.00142688 -0.00246652 -0.00317959 -0.00375384 -0.00424655 -0.00468107 -0.00507303  1 0.994705
-0.00153999 -0.002662 -0.00343118 -0.00405017 -0.00458094 -0.00504853 -0.00546991  1 0.99429
-0.00165765 -0.00286511 -0.00369254 -0.00435791 -0.00492808 -0.00542981 -0.00588152  1.00001 0.993858
-0.00177745 -0.00307152 -0.00395808 -0.00467045 -0.0052805 -0.00581671 -0.00629898  1.00001 0.99342
-0.00190405 -0.00328984 -0.00423889 -0.00500085 -0.0056529 -0.00622535 -0.00673966  1.00001 0.992957
-0.00203525 -0.0035159 -0.00452957 -0.00534272 -0.00603809 -0.0066478 -0.00719499  1.00001 0.992479
-0.00217087 -0.00374972 -0.00483015 -0.0056961 -0.00643607 -0.00708405 -0.00766491  1.00001 0.991985
-0.00231114 -0.00399133 -0.00514066 -0.00606101 -0.00684686 -0.00753409 -0.00814941  1.00001 0.991475
-0.00245586 -0.00424077 -0.00546113 -0.00643748 -0.00727048 -0.00799792 -0.00864844  1.00001 0.99095
-0.00260528 -0.00449806 -0.00579162 -0.00682554 -0.00770692 -0.00847553 -0.00916197  1.00001 0.990408
-0.00275944 -0.00476325 -0.00613214 -0.0072252 -0.00815622 -0.00896691 -0.00968995  1.00001 0.989851
-0.00291491 -0.00503071 -0.00647549 -0.007628 -0.00860882 -0.00946159 -0.0102212  1.00002 0.989291
-0.00307812 -0.00531162 -0.00683599 -0.00805075 -0.0090836 -0.00998019 -0.0107776  1.00002 0.988703
-0.00324615 -0.00560055 -0.00720666 -0.00848519 -0.00957127 -0.0105125 -0.0113485  1.00002 0.9881
-0.00341901 -0.00589751 -0.00758753 -0.00893138 -0.0100718 -0.0110586 -0.0119336  1.00002 0.987481
-0.00359652 -0.00620256 -0.00797862 -0.00938933 -0.0105854 -0.0116184 -0.012533  1.00002 0.986846
-0.0037789 -0.00651573 -0.00838 -0.00985908 -0.0111118 -0.0121919 -0.0131466  1.00003 0.986196
-0.00396598 -0.00683706 -0.00879171 -0.0103407 -0.0116512 -0.0127791 -0.0137744  1.00003 0.98553
-0.00415801 -0.00716661 -0.00921378 -0.0108341 -0.0122036 -0.01338 -0.0144163  1.00003 0.984848
-0.00435099 -0.00749742 -0.00963734 -0.0113291 -0.0127573 -0.0139819 -0.0150587  1.00003 0.984166
-0.00455279 -0.00784333 -0.0100801 -0.0118461 -0.0133355 -0.0146098 -0.0157284  1.00004 0.983453
-0.00475938 -0.00819761 -0.0105333 -0.0123752 -0.0139267 -0.0152514 -0.0164121  1.00004 0.982725
-0.00497106 -0.00856025 -0.0109971 -0.0129162 -0.0145309 -0.0159067 -0.0171097  1.00004 0.981982
-0.00518761 -0.00893134 -0.0114716 -0.0134694 -0.0151482 -0.0165756 -0.0178212  1.00005 0.981223
-0.00540932 -0.0093109 -0.0119566 -0.0140346 -0.0157786 -0.0172582 -0.0185466  1.00005 0.980448
-0.00563621 -0.00969898 -0.0124524 -0.0146119 -0.0164221 -0.0179543 -0.0192857  1.00006 0.979658
-0.00586808 -0.0100957 -0.012959 -0.0152015 -0.0170788 -0.018664 -0.0200385  1.00006 0.978852
-0.00610032 -0.0104927 -0.0134657 -0.0157909 -0.0177348 -0.0193725 -0.0207893  1.00007 0.978047
-0.00634248 -0.0109065 -0.0139937 -0.0164046 -0.0184175 -0.0201091 -0.0215691  1.00007 0.977211
-0.00658973 -0.0113291 -0.0145327 -0.0170307 -0.0191134 -0.0208593 -0.0223625  1.00008 0.976359
-0.00684236 -0.0117604 -0.0150827 -0.0176692 -0.0198226 -0.0216231 -0.0231694  1.00008 0.975491
-0.0071004 -0.0122007 -0.0156437 -0.01832 -0.020545 -0.0224004 -0.0239898  1.00009 0.974609
-0.00736364 -0.0126498 -0.0162158 -0.0189834 -0.0212807 -0.0231913 -0.0248236  1.00009 0.97371
-0.00763237 -0.0131079 -0.0167991 -0.0196592 -0.0220297 -0.0239957 -0.0256707  1.0001 0.972796
-0.00790639 -0.013575 -0.0173936 -0.0203475 -0.022792 -0.0248136 -0.0265311  1.00011 0.971867
-0.00818017 -0.0140414 -0.0179869 -0.021034 -0.0235517 -0.0256278 -0.0273867  1.00011 0.970941
-0.0084651 -0.0145266 -0.0186038 -0.0217474 -0.0243405 -0.0264724 -0.0282732  1.00012 0.969982
-0.00875546 -0.015021 -0.0192322 -0.0224734 -0.0251427 -0.0273305 -0.0291728  1.00013 0.969006
-0.0090515 -0.0155247 -0.019872 -0.0232122 -0.0259583 -0.028202 -0.0300854  1.00014 0.968016
-0.00935329 -0.0160377 -0.0205234 -0.0239638 -0.0267874 -0.029087 -0.031011  1.00015 0.967009
-0.00966061 -0.01656 -0.0211865 -0.0247283 -0.0276299 -0.0299854 -0.0319495  1.00016 0.965988
-0.00997378 -0.0170919 -0.0218612 -0.0255057 -0.028486 -0.0308973 -0.0329008  1.00017 0.964951
-0.0102926 -0.0176333 -0.0225477 -0.026296 -0.0293556 -0.0318225 -0.0338649  1.00018 0.963899
-0.0106106 -0.0181729 -0.0232316 -0.0270829 -0.0302207 -0.0327419 -0.0348217  1.00019 0.962853
-0.0109407 -0.0187333 -0.0239416 -0.0278991 -0.0311173 -0.0336937 -0.0358109  1.0002 0.961771
-0.0112772 -0.0193035 -0.0246636 -0.0287284 -0.0320274 -0.0346588 -0.0368127  1.00021 0.960674
-0.0116194 -0.0198835 -0.0253976 -0.029571 -0.0329513 -0.0356373 -0.0378271  1.00022 0.95956
-0.0119676 -0.0204734 -0.0261437 -0.0304268 -0.0338889 -0.0366292 -0.0388539  1.00023 0.958432
-0.0123219 -0.0210732 -0.0269021 -0.031296 -0.0348402 -0.0376344 -0.039893  1.00025 0.957289
-0.0126821 -0.0216831 -0.0276727 -0.0321785 -0.0358052 -0.0386529 -0.0409445  1.00026 0.956131
-0.0130487 -0.022303 -0.0284557 -0.0330745 -0.0367841 -0.0396848 -0.0420082  1.00027 0.954957
-0.0134138 -0.0229202 -0.0292348 -0.0339653 -0.0377565 -0.0407085 -0.043062  1.00029 0.953792
-0.0137925 -0.0235603 -0.0300425 -0.0348881 -0.0387628 -0.0417666 -0.0441497  1.0003 0.952589
-0.0141776 -0.0242108 -0.0308629 -0.0358246 -0.039783 -0.0428381 -0.0452495  1.00032 0.95137
-0.0145692 -0.0248717 -0.0316959 -0.0367747 -0.0408172 -0.0439228 -0.0463613  1.00034 0.950136
-0.0149671 -0.0255431 -0.0325417 -0.0377387 -0.0418653 -0.0450208 -0.0474849  1.00035 0.948887
-0.0153713 -0.0262251 -0.0334003 -0.0387165 -0.0429275 -0.0461321 -0.0486204  1.00037 0.947623
-0.0157822 -0.0269177 -0.034272 -0.0397083 -0.0440037 -0.0472565 -0.0497676  1.00039 0.946344
-0.0161998 -0.027621 -0.0351566 -0.040714 -0.0450941 -0.0483943 -0.0509265  1.00041 0.94505
-0.016615 -0.0283205 -0.0360359 -0.0417129 -0.0461759 -0.0495215 -0.0520729  1.00043 0.943768
-0.0170456 -0.0290453 -0.0369466 -0.0427466 -0.0472943 -0.0506854 -0.0532548  1.00045 0.942445
-0.0174828 -0.0297811 -0.0378706 -0.0437944 -0.0484268 -0.0518625 -0.054448  1.00047 0.941106
-0.0179269 -0.030528 -0.038808 -0.0448566 -0.0495737 -0.0530527 -0.0556526  1.00049 0.939753
-0.018378 -0.0312861 -0.0397589 -0.0459331 -0.0507348 -0.0542561 -0.0568686  1.00051 0.938385
-0.0188357 -0.0320554 -0.0407234 -0.0470241 -0.0519104 -0.0554727 -0.0580958  1.00054 0.937002
-0.0193007 -0.032836 -0.0417016 -0.0481296 -0.0531003 -0.0567024 -0.0593341  1.00056 0.935604
-0.0197725 -0.0336281 -0.0426936 -0.0492497 -0.0543046 -0.0579454 -0.0605835  1.00058 0.934192
-0.0202416 -0.0344153 -0.0436787 -0.0503612 -0.0554984 -0.0591756 -0.0618181  1.00061 0.932794
-0.0207275 -0.0352302 -0.0446982 -0.0515105 -0.0567314 -0.0604445 -0.0630893  1.00064 0.931352
-0.0212207 -0.0360569 -0.0457318 -0.0526746 -0.057979 -0.0617265 -0.0643713  1.00066 0.929896
-0.0217212 -0.0368954 -0.0467796 -0.0538536 -0.0592413 -0.0630216 -0.0656641  1.00069 0.928425
-0.0222291 -0.0377459 -0.0478416 -0.0550476 -0.0605181 -0.0643299 -0.0669676  1.00072 0.926941
-0.0227443 -0.0386083 -0.0489181 -0.0562568 -0.0618098 -0.0656512 -0.0682818  1.00075 0.92544
-0.0232668 -0.0394828 -0.050009 -0.0574811 -0.0631162 -0.0669857 -0.0696065  1.00078 0.923926
-0.0237971 -0.0403695 -0.0511145 -0.0587208 -0.0644374 -0.0683332 -0.0709417  1.00081 0.922397
-0.0243238 -0.0412501 -0.0522117 -0.05995 -0.065746 -0.0696658 -0.0722598  1.00084 0.920886
-0.024869 -0.0421612 -0.0533464 -0.0612201 -0.0670967 -0.0710393 -0.0736155  1.00088 0.919328
-0.0254221 -0.0430849 -0.0544961 -0.0625058 -0.0684624 -0.0724258 -0.0749815  1.00091 0.917756
-0.0259829 -0.0440212 -0.0556608 -0.0638071 -0.0698431 -0.0738254 -0.0763577  1.00095 0.91617
-0.0265514 -0.0449702 -0.0568406 -0.0651241 -0.0712389 -0.0752379 -0.077744  1.00098 0.91457
-0.027128 -0.045932 -0.0580357 -0.066457 -0.0726497 -0.0766636 -0.0791403  1.00102 0.912956
-0.0277126 -0.0469068 -0.0592462 -0.0678058 -0.0740758 -0.0781024 -0.0805466  1.00106 0.911327
-0.0283053 -0.0478946 -0.0604722 -0.0691706 -0.0755171 -0.0795541 -0.0819628  1.0011 0.909684
-0.0288937 -0.048875 -0.0616883 -0.0705232 -0.0769439 -0.0809889 -0.0833596  1.00114 0.908061
-0.0295026 -0.049889 -0.0629452 -0.07192 -0.0784156 -0.0824666 -0.0847951  1.00118 0.90639
-0.0301196 -0.0509162 -0.064218 -0.0733332 -0.0799027 -0.0839572 -0.0862403  1.00123 0.904705
-0.0307452 -0.051957 -0.0655068 -0.0747628 -0.0814053 -0.0854609 -0.087695  1.00127 0.903007
-0.0313791 -0.0530114 -0.0668118 -0.0762088 -0.0829234 -0.0869776 -0.0891593  1.00132 0.901294
-0.0320214 -0.0540796 -0.0681328 -0.0776716 -0.0844572 -0.0885074 -0.090633  1.00136 0.899567
-0.0326724 -0.0551615 -0.0694703 -0.079151 -0.0860066 -0.0900502 -0.0921161  1.00141 0.897828
-0.0333321 -0.0562574 -0.0708242 -0.0806473 -0.0875717 -0.0916061 -0.0936085  1.00146 0.896073
-0.0339867 -0.0573446 -0.0721665 -0.0821295 -0.0891202 -0.0931429 -0.0950793  1.00151 0.894342
-0.0346636 -0.0584686 -0.0735534 -0.0836596 -0.0907167 -0.0947247 -0.0965899  1.00156 0.892561
-0.0353496 -0.0596068 -0.0749572 -0.0852067 -0.0923292 -0.0963194 -0.0981095  1.00162 0.890766
-0.0360444 -0.0607594 -0.076378 -0.0867711 -0.0939576 -0.0979273 -0.0996382  1.00167 0.888958
-0.0367482 -0.0619267 -0.0778158 -0.088353 -0.095602 -0.0995482 -0.101176  1.00173 0.887136
-0.0374613 -0.0631086 -0.079271 -0.0899523 -0.0972627 -0.101182 -0.102722  1.00178 0.885301
-0.0381834 -0.0643053 -0.0807435 -0.0915694 -0.0989396 -0.102829 -0.104277  1.00184 0.883452
-0.0389148 -0.065517 -0.0822336 -0.0932041 -0.100633 -0.104489 -0.105841  1.0019 0.88159
-0.0396404 -0.0667187 -0.0837104 -0.0948228 -0.102307 -0.106128 -0.107382  1.00196 0.879753
-0.0403906 -0.0679604 -0.0852356 -0.0964931 -0.104033 -0.107814 -0.108963  1.00202 0.877865
-0.0411503 -0.0692174 -0.0867788 -0.0981814 -0.105775 -0.109514 -0.110552  1.00209 0.875964
-0.0419195 -0.0704898 -0.0883402 -0.099888 -0.107534 -0.111226 -0.11215  1.00216 0.874049
-0.0426983 -0.071778 -0.0899197 -0.101613 -0.109309 -0.112952 -0.113757  1.00222 0.872122
-0.0434871 -0.0730819 -0.0915176 -0.103356 -0.111101 -0.11469 -0.115372  1.00229 0.870181
-0.0442857 -0.0744017 -0.0931341 -0.105119 -0.11291 -0.116442 -0.116995  1.00236 0.868227
-0.0450943 -0.0757375 -0.0947694 -0.106899 -0.114736 -0.118207 -0.118626  1.00243 0.866261
-0.045896 -0.0770618 -0.0963895 -0.108662 -0.116541 -0.119949 -0.120232  1.00251 0.864323
-0.0467244 -0.0784298 -0.0980622 -0.110481 -0.1184 -0.12174 -0.121879  1.00258 0.862331
-0.0475632 -0.0798143 -0.099754 -0.112318 -0.120277 -0.123544 -0.123534  1.00266 0.860327
-0.0484124 -0.0812154 -0.101465 -0.114175 -0.122171 -0.125362 -0.125197  1.00274 0.85831
-0.0492718 -0.0826333 -0.103196 -0.116051 -0.124082 -0.127193 -0.126868  1.00282 0.856281
-0.0501418 -0.084068 -0.104946 -0.117947 -0.126011 -0.129037 -0.128547  1.0029 0.854239
-0.0510223 -0.0855198 -0.106716 -0.119863 -0.127957 -0.130894 -0.130234  1.00299 0.852185
-0.0519136 -0.0869889 -0.108507 -0.121798 -0.129921 -0.132765 -0.131928  1.00307 0.850118
-0.0527972 -0.0884448 -0.11028 -0.123713 -0.131862 -0.134611 -0.133596  1.00316 0.848082
-0.05371 -0.0899485 -0.11211 -0.125688 -0.133861 -0.136508 -0.135305  1.00325 0.845991
-0.0546337 -0.0914698 -0.113961 -0.127684 -0.135878 -0.138419 -0.137022  1.00334 0.843888
-0.0555685 -0.093009 -0.115832 -0.1297 -0.137913 -0.140343 -0.138747  1.00343 0.841773
-0.0565144 -0.0945661 -0.117724 -0.131736 -0.139966 -0.14228 -0.140479  1.00353 0.839646
-0.0574718 -0.0961415 -0.119637 -0.133794 -0.142038 -0.144232 -0.142219  1.00363 0.837507
-0.0584405 -0.0977353 -0.121572 -0.135872 -0.144127 -0.146196 -0.143966  1.00373 0.835356
-0.0594205 -0.0993474 -0.123528 -0.137971 -0.146235 -0.148175 -0.14572  1.00383 0.833194
-0.0604125 -0.100978 -0.125505 -0.140092 -0.148362 -0.150167 -0.147481  1.00393 0.83102
-0.0613951 -0.102594 -0.127463 -0.14219 -0.150463 -0.152131 -0.149214  1.00404 0.828879
-0.0624101 -0.104263 -0.129484 -0.144353 -0.152627 -0.15415 -0.15099  1.00415 0.826682
-0.0634373 -0.10595 -0.131526 -0.146538 -0.154809 -0.156183 -0.152773  1.00426 0.824473
-0.0644762 -0.107658 -0.133592 -0.148745 -0.157011 -0.158229 -0.154563  1.00437 0.822253
-0.0655272 -0.109384 -0.135679 -0.150973 -0.159232 -0.16029 -0.15636  1.00448 0.820022
-0.0665907 -0.11113 -0.13779 -0.153225 -0.161471 -0.162364 -0.158164  1.0046 0.81778
-0.0676665 -0.112897 -0.139923 -0.155498 -0.163731 -0.164452 -0.159975  1.00472 0.815526
-0.0687545 -0.114683 -0.142079 -0.157795 -0.166009 -0.166554 -0.161794  1.00484 0.813261
-0.0698328 -0.116453 -0.144214 -0.160066 -0.16826 -0.168627 -0.163582  1.00496 0.811032
-0.0709461 -0.11828 -0.146417 -0.162408 -0.170578 -0.170757 -0.165414  1.00509 0.808745
-0.0720723 -0.120128 -0.148644 -0.164773 -0.172916 -0.172901 -0.167253  1.00522 0.806448
-0.0732112 -0.121996 -0.150895 -0.167161 -0.175273 -0.175059 -0.169098  1.00535 0.80414
-0.0743634 -0.123886 -0.153169 -0.169573 -0.177651 -0.177231 -0.170951  1.00548 0.801821
-0.0755287 -0.125796 -0.155468 -0.172008 -0.180049 -0.179418 -0.172811  1.00562 0.799491
-0.0767073 -0.127729 -0.157792 -0.174468 -0.182467 -0.181619 -0.174677  1.00576 0.797151
-0.0778997 -0.129683 -0.160141 -0.176952 -0.184906 -0.183835 -0.17655  1.0059 0.794801
-0.0790805 -0.131619 -0.162466 -0.179408 -0.187315 -0.186019 -0.178392  1.00604 0.792489
-0.0802997 -0.133616 -0.164865 -0.181941 -0.189795 -0.188264 -0.180278  1.00619 0.790117
-0.0815327 -0.135637 -0.167289 -0.184498 -0.192297 -0.190523 -0.182172  1.00634 0.787736
-0.0827797 -0.137679 -0.169739 -0.18708 -0.194819 -0.192797 -0.184072  1.00649 0.785345
-0.0840408 -0.139745 -0.172215 -0.189687 -0.197362 -0.195086 -0.185979  1.00665 0.782944
-0.085316 -0.141834 -0.174718 -0.19232 -0.199928 -0.197389 -0.187893  1.0068 0.780532
-0.0866058 -0.143945 -0.177247 -0.194979 -0.202514 -0.199708 -0.189814  1.00697 0.778111
-0.08791 -0.146081 -0.179802 -0.197664 -0.205123 -0.202042 -0.191741  1.00713 0.77568
-0.0892017 -0.148195 -0.182332 -0.200319 -0.2077 -0.204343 -0.193636  1.00729 0.773289
-0.0905353 -0.150378 -0.184942 -0.203055 -0.210352 -0.206707 -0.195577  1.00746 0.770839
-0.0918836 -0.152585 -0.187579 -0.205819 -0.213027 -0.209086 -0.197524  1.00764 0.76838
-0.0932472 -0.154816 -0.190244 -0.208609 -0.215724 -0.211481 -0.199479  1.00781 0.76591
-0.094626 -0.157072 -0.192937 -0.211426 -0.218444 -0.213891 -0.20144  1.00799 0.763432
-0.0960202 -0.159353 -0.195659 -0.214271 -0.221187 -0.216317 -0.203409  1.00817 0.760944
-0.0974301 -0.161659 -0.198409 -0.217143 -0.223953 -0.218759 -0.205384  1.00836 0.758446
-0.0988555 -0.163991 -0.201188 -0.220044 -0.226742 -0.221216 -0.207366  1.00855 0.75594
-0.100267 -0.1663 -0.203939 -0.222912 -0.229498 -0.223639 -0.209315  1.00874 0.753476
-0.101725 -0.168683 -0.206777 -0.225869 -0.232334 -0.226129 -0.211311  1.00893 0.750951
-0.103198 -0.171092 -0.209644 -0.228854 -0.235194 -0.228635 -0.213315  1.00913 0.748418
-0.104688 -0.173528 -0.212542 -0.231868 -0.238078 -0.231157 -0.215325  1.00933 0.745876
-0.106194 -0.175991 -0.21547 -0.234912 -0.240986 -0.233696 -0.217343  1.00954 0.743325
-0.107717 -0.17848 -0.218429 -0.237985 -0.24392 -0.236252 -0.219368  1.00975 0.740766
-0.109258 -0.180998 -0.22142 -0.241088 -0.246878 -0.238824 -0.2214  1.00996 0.738198
-0.110815 -0.183543 -0.224441 -0.244222 -0.249861 -0.241413 -0.223439  1.01018 0.735621
-0.112357 -0.186063 -0.227432 -0.247321 -0.252807 -0.243967 -0.225444  1.0104 0.733088
-0.113948 -0.188664 -0.230517 -0.250515 -0.255841 -0.24659 -0.227499  1.01062 0.730495
-0.115558 -0.191293 -0.233634 -0.25374 -0.2589 -0.249231 -0.229561  1.01085 0.727893
-0.117185 -0.193952 -0.236785 -0.256997 -0.261985 -0.251889 -0.23163  1.01108 0.725283
-0.11883 -0.196639 -0.239968 -0.260286 -0.265097 -0.254566 -0.233708  1.01132 0.722665
-0.120493 -0.199357 -0.243185 -0.263607 -0.268235 -0.25726 -0.235793  1.01156 0.720039
-0.122175 -0.202104 -0.246436 -0.26696 -0.2714 -0.259973 -0.237886  1.0118 0.717404
-0.123876 -0.204882 -0.249722 -0.270346 -0.274592 -0.262704 -0.239987  1.01205 0.714762
-0.12556 -0.207632 -0.252974 -0.273696 -0.277746 -0.265397 -0.242053  1.0123 0.712166
-0.127299 -0.210471 -0.256328 -0.277148 -0.280993 -0.268165 -0.24417  1.01256 0.709508
-0.129056 -0.213341 -0.259718 -0.280634 -0.284267 -0.270951 -0.246296  1.01282 0.706843
-0.130833 -0.216243 -0.263144 -0.284155 -0.287571 -0.273757 -0.24843  1.01308 0.70417
-0.13263 -0.219177 -0.266606 -0.287711 -0.290902 -0.276583 -0.250573  1.01335 0.701489
-0.134447 -0.222144 -0.270105 -0.291302 -0.294263 -0.279428 -0.252725  1.01363 0.698801
-0.136284 -0.225143 -0.273641 -0.294928 -0.297654 -0.282292 -0.254885  1.01391 0.696105
-0.138142 -0.228176 -0.277215 -0.29859 -0.301073 -0.285177 -0.257055  1.01419 0.693401
-0.139981 -0.23118 -0.280753 -0.302213 -0.304452 -0.288023 -0.25919  1.01448 0.690746
-0.14188 -0.234279 -0.284403 -0.305949 -0.307932 -0.290949 -0.261378  1.01477 0.688028
-0.143801 -0.237414 -0.288092 -0.309721 -0.311442 -0.293895 -0.263575  1.01507 0.685303
-0.145742 -0.240583 -0.29182 -0.313531 -0.314984 -0.296863 -0.265783  1.01537 0.682571
-0.147706 -0.243788 -0.295589 -0.317379 -0.318557 -0.299852 -0.268  1.01568 0.679831
-0.149691 -0.247029 -0.299398 -0.321266 -0.322162 -0.302863 -0.270227  1.016 0.677084
-0.151699 -0.250306 -0.303247 -0.325192 -0.325799 -0.305895 -0.272465  1.01631 0.674331
-0.153729 -0.25362 -0.307139 -0.329158 -0.329469 -0.308951 -0.274714  1.01664 0.67157
-0.155741 -0.256902 -0.310992 -0.333083 -0.333096 -0.311966 -0.276927  1.01696 0.668859
-0.157817 -0.26029 -0.314967 -0.337129 -0.336832 -0.315066 -0.279197  1.0173 0.666085
-0.159916 -0.263716 -0.318986 -0.341216 -0.340602 -0.31819 -0.281478  1.01764 0.663303
-0.16204 -0.267182 -0.323048 -0.345346 -0.344407 -0.321337 -0.28377  1.01799 0.660515
-0.164188 -0.270686 -0.327155 -0.349518 -0.348246 -0.324509 -0.286075  1.01834 0.65772
-0.16636 -0.274231 -0.331307 -0.353733 -0.352122 -0.327705 -0.288391  1.0187 0.654918
-0.168557 -0.277815 -0.335504 -0.357991 -0.356032 -0.330926 -0.29072  1.01906 0.65211
-0.170779 -0.281441 -0.339748 -0.362294 -0.35998 -0.334172 -0.293061  1.01943 0.649295
-0.17298 -0.285033 -0.343951 -0.366553 -0.363883 -0.337377 -0.295367  1.0198 0.646531
-0.175253 -0.288742 -0.348288 -0.370945 -0.367905 -0.340674 -0.297734  1.02018 0.643703
-0.177553 -0.292494 -0.352674 -0.375384 -0.371965 -0.343998 -0.300115  1.02057 0.640868
-0.179878 -0.296288 -0.357108 -0.379869 -0.376064 -0.347349 -0.30251  1.02097 0.638026
-0.182231 -0.300127 -0.361593 -0.384402 -0.380202 -0.350728 -0.304919  1.02137 0.635178
-0.184612 -0.304011 -0.366128 -0.388983 -0.384379 -0.354134 -0.307342  1.02178 0.632323
-0.18702 -0.30794 -0.370714 -0.393614 -0.388598 -0.357569 -0.309781  1.0222 0.629462
-0.189456 -0.311915 -0.375352 -0.398294 -0.392858 -0.361033 -0.312235  1.02262 0.626594
-0.191871 -0.315854 -0.379946 -0.402928 -0.397072 -0.364455 -0.314654  1.02305 0.623778
-0.194364 -0.319922 -0.38469 -0.407709 -0.401416 -0.367978 -0.317139  1.02348 0.620897
-0.196888 -0.324039 -0.389487 -0.412542 -0.405803 -0.371532 -0.319642  1.02393 0.61801
-0.199441 -0.328204 -0.394341 -0.417429 -0.410235 -0.375117 -0.322161  1.02438 0.615116
-0.202025 -0.33242 -0.39925 -0.422369 -0.414711 -0.378735 -0.324698  1.02484 0.612215
-0.204639 -0.336685 -0.404217 -0.427365 -0.419233 -0.382384 -0.327253  1.02531 0.609307
-0.207286 -0.341003 -0.409242 -0.432416 -0.423802 -0.386067 -0.329827  1.02579 0.606393
-0.209964 -0.345372 -0.414326 -0.437524 -0.428419 -0.389784 -0.33242  1.02627 0.603472
-0.21262 -0.349705 -0.419365 -0.442584 -0.432988 -0.393459 -0.33498  1.02676 0.600605
-0.215364 -0.354181 -0.424569 -0.447807 -0.4377 -0.397245 -0.337613  1.02726 0.59767
-0.218141 -0.358712 -0.429835 -0.453091 -0.442464 -0.401068 -0.340266  1.02777 0.59473
-0.220953 -0.363299 -0.435165 -0.458435 -0.447277 -0.404928 -0.342942  1.02829 0.591782
-0.223799 -0.367943 -0.44056 -0.463842 -0.452144 -0.408825 -0.345639  1.02882 0.588827
-0.226682 -0.372646 -0.44602 -0.469312 -0.457064 -0.412761 -0.34836  1.02936 0.585865
-0.2296 -0.377407 -0.451547 -0.474847 -0.462038 -0.416737 -0.351105  1.02991 0.582897
-0.232556 -0.382229 -0.457143 -0.480447 -0.467067 -0.420754 -0.353873  1.03046 0.579921
-0.235487 -0.387012 -0.462692 -0.485998 -0.472049 -0.424728 -0.35661  1.03102 0.576999
-0.238518 -0.391956 -0.468426 -0.491733 -0.477191 -0.428828 -0.359429  1.0316 0.574008
-0.241588 -0.396965 -0.474233 -0.497537 -0.482393 -0.432972 -0.362275  1.03219 0.571011
-0.244698 -0.402038 -0.480114 -0.503413 -0.487655 -0.437159 -0.365149  1.03278 0.568006
-0.247848 -0.407178 -0.48607 -0.509362 -0.49298 -0.441394 -0.368052  1.03339 0.564993
-0.25104 -0.412386 -0.492103 -0.515385 -0.498367 -0.445675 -0.370984  1.03402 0.561973
-0.254274 -0.417663 -0.498215 -0.521484 -0.503819 -0.450004 -0.373946  1.03465 0.558944
-0.257551 -0.423011 -0.504407 -0.527661 -0.509337 -0.454383 -0.376941  1.03529 0.555908
-0.260805 -0.428319 -0.510551 -0.533789 -0.514808 -0.458721 -0.379906  1.03593 0.552926
-0.26417 -0.433811 -0.516907 -0.540124 -0.520462 -0.463202 -0.382966  1.0366 0.549873
-0.267582 -0.439379 -0.523349 -0.546544 -0.526187 -0.467737 -0.386061  1.03728 0.546812
-0.271041 -0.445023 -0.529878 -0.553048 -0.531985 -0.472328 -0.389192  1.03798 0.543743
-0.274549 -0.450747 -0.536496 -0.55964 -0.537858 -0.476975 -0.392361  1.03868 0.540664
-0.278105 -0.456551 -0.543207 -0.566321 -0.543808 -0.48168 -0.395568  1.03941 0.537577
-0.281712 -0.462437 -0.550012 -0.573094 -0.549837 -0.486446 -0.398816  1.04014 0.53448
-0.285372 -0.468409 -0.556913 -0.579961 -0.555946 -0.491275 -0.402106  1.04089 0.531374
-0.289007 -0.474343 -0.563769 -0.586781 -0.562012 -0.496066 -0.405371  1.04164 0.528322
-0.292772 -0.480488 -0.570868 -0.593841 -0.568289 -0.501023 -0.408747  1.04242 0.525196
-0.296593 -0.486724 -0.578071 -0.601003 -0.574654 -0.506048 -0.412171  1.04321 0.52206
-0.300471 -0.493054 -0.585381 -0.608269 -0.581109 -0.511144 -0.415643  1.04402 0.518913
-0.304408 -0.49948 -0.592801 -0.615643 -0.587658 -0.516313 -0.419165  1.04485 0.515756
-0.308405 -0.506005 -0.600333 -0.623127 -0.594303 -0.521556 -0.42274  1.04569 0.512587
-0.312464 -0.512631 -0.607981 -0.630725 -0.601048 -0.526877 -0.426369  1.04656 0.509407
-0.316586 -0.519361 -0.615748 -0.63844 -0.607895 -0.532279 -0.430055  1.04744 0.506216
-0.320688 -0.526058 -0.623476 -0.646114 -0.614704 -0.537651 -0.433722  1.04832 0.503077
-0.324942 -0.533003 -0.63149 -0.654072 -0.621763 -0.54322 -0.437527  1.04924 0.49986
-0.329265 -0.540063 -0.639633 -0.662157 -0.628935 -0.548879 -0.441395  1.05018 0.496631
-0.33366 -0.547239 -0.647911 -0.670376 -0.636223 -0.554631 -0.445329  1.05113 0.493387
-0.338129 -0.554536 -0.656329 -0.678731 -0.643632 -0.560478 -0.449334  1.05211 0.49013
-0.342674 -0.561959 -0.664889 -0.687227 -0.651166 -0.566426 -0.45341  1.05312 0.486858
-0.347297 -0.56951 -0.673597 -0.69587 -0.65883 -0.572477 -0.457562  1.05414 0.483571
-0.352002 -0.577194 -0.682457 -0.704664 -0.666628 -0.578637 -0.461794  1.05519 0.480268
-0.356691 -0.584854 -0.691291 -0.713432 -0.674401 -0.58478 -0.466019  1.05625 0.477017
-0.361565 -0.592816 -0.700471 -0.722543 -0.682481 -0.591167 -0.470417  1.05735 0.473681
-0.366529 -0.600925 -0.709821 -0.731823 -0.690711 -0.597676 -0.474907  1.05847 0.470328
-0.371586 -0.609188 -0.719348 -0.741279 -0.699097 -0.604313 -0.47949  1.05963 0.466956
-0.37674 -0.617609 -0.729057 -0.750916 -0.707647 -0.611082 -0.484174  1.06081 0.463565
-0.381994 -0.626196 -0.738958 -0.760744 -0.716368 -0.617991 -0.488962  1.06202 0.460153
-0.387353 -0.634954 -0.749056 -0.77077 -0.725265 -0.625046 -0.493859  1.06327 0.456721
-0.392822 -0.643891 -0.759362 -0.781002 -0.734349 -0.632254 -0.498872  1.06454 0.453267
-0.398288 -0.652826 -0.769665 -0.791235 -0.743435 -0.639469 -0.5039  1.06583 0.449861
-0.403985 -0.66214 -0.780406 -0.801903 -0.752912 -0.647001 -0.50916  1.06718 0.44636
-0.409806 -0.671657 -0.791382 -0.812807 -0.762602 -0.65471 -0.514555  1.06856 0.442833
-0.415756 -0.681386 -0.802603 -0.823958 -0.772516 -0.662605 -0.520091  1.06999 0.439281
-0.421842 -0.691338 -0.814083 -0.835368 -0.782665 -0.670695 -0.525779  1.07145 0.4357
-0.428069 -0.701522 -0.825833 -0.84705 -0.793062 -0.678992 -0.531626  1.07296 0.43209
-0.434445 -0.711952 -0.837867 -0.859019 -0.803719 -0.687508 -0.537641  1.07452 0.428448
-0.440978 -0.722639 -0.850201 -0.87129 -0.814653 -0.696254 -0.543837  1.07612 0.424774
-0.447676 -0.733598 -0.862851 -0.883879 -0.825877 -0.705246 -0.550223  1.07777 0.421066
-0.454405 -0.74461 -0.875565 -0.896538 -0.837172 -0.714306 -0.556675  1.07945 0.417397
-0.461458 -0.756152 -0.888894 -0.909815 -0.849027 -0.723829 -0.563476  1.08121 0.413614
-0.468705 -0.768014 -0.902596 -0.923469 -0.861228 -0.733646 -0.570507  1.08304 0.40979
-0.476159 -0.780217 -0.916694 -0.937526 -0.873801 -0.743777 -0.577787  1.08493 0.405921
-0.483833 -0.792783 -0.931217 -0.952014 -0.886771 -0.754246 -0.585332  1.08689 0.402006
-0.491742 -0.805735 -0.946191 -0.96696 -0.900164 -0.765074 -0.593162  1.08893 0.398042
-0.499902 -0.8191 -0.961647 -0.982397 -0.914012 -0.776292 -0.6013  1.09104 0.394024
-0.50833 -0.832908 -0.977622 -0.998362 -0.928349 -0.787927 -0.60977  1.09324 0.389949
-0.516867 -0.846896 -0.993811 -1.01455 -0.942905 -0.799763 -0.618416  1.09549 0.385897
-0.525891 -0.861684 -1.01093 -1.03169 -0.958329 -0.812331 -0.62763  1.09788 0.381696
-0.535251 -0.877027 -1.02871 -1.04949 -0.974374 -0.825432 -0.63727  1.10038 0.377424
-0.544977 -0.892973 -1.04719 -1.06802 -0.991093 -0.839114 -0.647375  1.10299 0.373075
-0.555104 -0.909578 -1.06644 -1.08733 -1.00855 -0.853435 -0.657993  1.10574 0.368643
-0.565667 -0.926904 -1.08654 -1.10752 -1.02682 -0.868457 -0.669174  1.10863 0.364119
-0.576712 -0.945024 -1.10758 -1.12866 -1.04599 -0.884255 -0.680982  1.11168 0.359495
-0.58829 -0.964024 -1.12964 -1.15087 -1.06616 -0.900918 -0.693487  1.1149 0.354762
-0.600208 -0.983584 -1.15238 -1.17377 -1.08699 -0.918177 -0.706493  1.11824 0.350008
-0.613031 -1.00464 -1.17686 -1.19846 -1.10949 -0.93687 -0.720642  1.12187 0.345022
-0.626605 -1.02693 -1.20281 -1.22465 -1.1334 -0.956794 -0.735788  1.12575 0.339886
-0.641033 -1.05062 -1.23041 -1.25256 -1.15893 -0.978125 -0.752077  1.12992 0.334581
-0.656443 -1.07594 -1.25993 -1.28243 -1.18632 -1.00108 -0.769689  1.13441 0.329086
-0.672995 -1.10314 -1.29166 -1.3146 -1.21587 -1.02593 -0.788845  1.13929 0.323372
-0.690892 -1.13256 -1.32602 -1.34948 -1.24799 -1.05303 -0.80983  1.14462 0.317406
-0.710401 -1.16464 -1.36352 -1.38761 -1.28318 -1.08282 -0.833016  1.15049 0.311144
-0.720907 -1.18193 -1.38349 -1.40751 -1.30093 -1.09712 -0.843336  1.15347 0.308507
-0.723765 -1.18666 -1.38852 -1.41187 -1.30376 -1.09815 -0.842574  1.15396 0.308778
-0.726621 -1.19138 -1.39355 -1.4162 -1.30655 -1.09913 -0.841764  1.15444 0.309051
-0.729478 -1.1961 -1.39856 -1.42051 -1.3093 -1.10006 -0.840906  1.15492 0.309326
-0.732333 -1.20082 -1.40356 -1.42479 -1.31201 -1.10094 -0.84  1.15541 0.309602
-0.73519 -1.20553 -1.40855 -1.42905 -1.31468 -1.10177 -0.839047  1.15589 0.30988
-0.738046 -1.21024 -1.41352 -1.43329 -1.31732 -1.10256 -0.838045  1.15636 0.31016
-0.740902 -1.21494 -1.41848 -1.43749 -1.31992 -1.1033 -0.836995  1.15684 0.310442
-0.743699 -1.21954 -1.42333 -1.44159 -1.32242 -1.10398 -0.835919  1.15731 0.31072
-0.746556 -1.22424 -1.42826 -1.44574 -1.32494 -1.10462 -0.834774  1.15778 0.311006
-0.749412 -1.22893 -1.43318 -1.44987 -1.32742 -1.10522 -0.83358  1.15826 0.311294
-0.752269 -1.23362 -1.4381 -1.45397 -1.32986 -1.10577 -0.832338  1.15873 0.311584
-0.755126 -1.23831 -1.44299 -1.45805 -1.33225 -1.10627 -0.831048  1.1592 0.311877
-0.757984 -1.24299 -1.44788 -1.4621 -1.33461 -1.10672 -0.82971  1.15967 0.312171
-0.760843 -1.24767 -1.45275 -1.46612 -1.33693 -1.10712 -0.828324  1.16014 0.312468
-0.763702 -1.25235 -1.45761 -1.47011 -1.33921 -1.10747 -0.826889  1.16061 0.312767
-0.766503 -1.25693 -1.46235 -1.474 -1.3414 -1.10777 -0.825437  1.16107 0.313062
-0.769364 -1.2616 -1.46718 -1.47794 -1.3436 -1.10803 -0.823908  1.16153 0.313365
-0.772227 -1.26626 -1.472 -1.48186 -1.34576 -1.10823 -0.82233  1.162 0.313671
-0.77509 -1.27093 -1.47681 -1.48574 -1.34787 -1.10839 -0.820704  1.16246 0.31398
-0.777954 -1.27559 -1.4816 -1.4896 -1.34995 -1.1085 -0.81903  1.16293 0.314291
-0.780821 -1.28025 -1.48639 -1.49344 -1.35198 -1.10856 -0.81731  1.16339 0.314604
-0.783688 -1.28491 -1.49116 -1.49724 -1.35397 -1.10857 -0.815539  1.16385 0.31492
-0.786557 -1.28956 -1.49591 -1.50102 -1.35592 -1.10853 -0.813722  1.16431 0.315238
-0.78937 -1.29412 -1.50056 -1.50469 -1.3578 -1.10844 -0.811896  1.16476 0.315552
-0.792243 -1.29877 -1.50529 -1.50842 -1.35966 -1.1083 -0.809984  1.16522 0.315876
-0.795118 -1.30342 -1.51001 -1.51211 -1.36149 -1.10811 -0.808024  1.16568 0.316203
-0.797995 -1.30807 -1.51472 -1.51578 -1.36328 -1.10787 -0.806017  1.16614 0.316532
-0.800875 -1.31271 -1.51941 -1.51942 -1.36502 -1.10758 -0.803963  1.1666 0.316864
-0.803758 -1.31736 -1.5241 -1.52303 -1.36672 -1.10724 -0.801862  1.16706 0.317198
-0.806643 -1.322 -1.52877 -1.52662 -1.36838 -1.10685 -0.799712  1.16752 0.317536
-0.809531 -1.32664 -1.53343 -1.53018 -1.37 -1.10641 -0.797516  1.16797 0.317876
-0.812364 -1.33119 -1.53798 -1.53363 -1.37154 -1.10593 -0.795319  1.16842 0.318213
-0.815258 -1.33583 -1.54261 -1.53714 -1.37308 -1.10539 -0.79303  1.16888 0.318559
-0.818155 -1.34047 -1.54724 -1.54061 -1.37457 -1.1048 -0.790694  1.16933 0.318908
-0.821057 -1.34511 -1.55185 -1.54406 -1.37602 -1.10416 -0.788311  1.16979 0.31926
-0.823962 -1.34975 -1.55645 -1.54748 -1.37742 -1.10347 -0.785883  1.17025 0.319616
-0.826872 -1.35439 -1.56104 -1.55087 -1.37879 -1.10273 -0.783407  1.1707 0.319974
-0.829784 -1.35903 -1.56562 -1.55423 -1.38011 -1.10194 -0.780886  1.17116 0.320336
-0.832703 -1.36367 -1.57019 -1.55757 -1.38139 -1.1011 -0.778319  1.17162 0.3207
-0.835565 -1.36822 -1.57466 -1.56081 -1.38261 -1.10023 -0.775759  1.17206 0.321061
-0.838492 -1.37286 -1.5792 -1.5641 -1.3838 -1.09929 -0.7731  1.17252 0.321432
-0.841424 -1.3775 -1.58374 -1.56735 -1.38496 -1.0983 -0.770396  1.17298 0.321806
-0.844361 -1.38215 -1.58827 -1.57058 -1.38607 -1.09726 -0.767646  1.17343 0.322184
-0.847304 -1.3868 -1.59279 -1.57378 -1.38714 -1.09617 -0.764851  1.17389 0.322565
-0.850252 -1.39144 -1.5973 -1.57695 -1.38817 -1.09503 -0.762011  1.17435 0.322949
-0.853206 -1.3961 -1.6018 -1.5801 -1.38915 -1.09383 -0.759126  1.17481 0.323337
-0.856166 -1.40075 -1.60629 -1.58322 -1.39009 -1.09259 -0.756195  1.17527 0.323728
-0.859071 -1.40531 -1.61067 -1.58625 -1.39098 -1.09133 -0.753282  1.17572 0.324115
-0.862043 -1.40997 -1.61515 -1.58931 -1.39184 -1.08999 -0.750263  1.17618 0.324513
-0.865023 -1.41463 -1.61961 -1.59235 -1.39265 -1.0886 -0.747201  1.17664 0.324914
-0.868008 -1.4193 -1.62406 -1.59536 -1.39343 -1.08716 -0.744093  1.17711 0.32532
-0.871002 -1.42397 -1.62851 -1.59835 -1.39416 -1.08567 -0.740943  1.17757 0.325728
-0.873976 -1.4286 -1.6329 -1.60125 -1.3948 -1.08409 -0.737714  1.17803 0.32615
-0.876957 -1.43324 -1.63727 -1.60413 -1.39539 -1.08245 -0.73444  1.17849 0.326575
-0.879945 -1.43787 -1.64164 -1.60698 -1.39595 -1.08077 -0.731123  1.17894 0.327004
-0.882881 -1.44242 -1.64591 -1.60975 -1.39645 -1.07907 -0.727832  1.17939 0.327428
-0.885888 -1.44707 -1.65027 -1.61255 -1.39692 -1.07729 -0.724432  1.17986 0.327864
-0.888902 -1.45173 -1.65462 -1.61533 -1.39735 -1.07546 -0.720987  1.18032 0.328305
-0.891926 -1.45639 -1.65896 -1.61808 -1.39774 -1.07358 -0.717502  1.18078 0.328748
-0.894958 -1.46106 -1.6633 -1.6208 -1.39808 -1.07165 -0.713974  1.18125 0.329196
-0.898001 -1.46574 -1.66763 -1.6235 -1.39839 -1.06968 -0.710405  1.18172 0.329647
-0.901053 -1.47042 -1.67196 -1.62617 -1.39865 -1.06765 -0.706794  1.18219 0.330102
-0.904116 -1.47511 -1.67628 -1.62882 -1.39887 -1.06558 -0.703142  1.18266 0.330561
-0.907126 -1.47972 -1.68051 -1.63139 -1.39905 -1.0635 -0.699524  1.18313 0.331015
-0.91021 -1.48443 -1.68482 -1.63399 -1.39919 -1.06133 -0.695791  1.18361 0.331481
-0.913304 -1.48914 -1.68913 -1.63657 -1.39929 -1.05911 -0.692017  1.18408 0.331952
-0.91641 -1.49387 -1.69344 -1.63912 -1.39935 -1.05684 -0.688203  1.18457 0.332426
-0.919528 -1.4986 -1.69774 -1.64165 -1.39937 -1.05453 -0.684348  1.18505 0.332904
-0.922657 -1.50335 -1.70204 -1.64415 -1.39935 -1.05216 -0.680454  1.18554 0.333387
-0.925799 -1.50811 -1.70633 -1.64663 -1.39928 -1.04975 -0.67652  1.18603 0.333873
-0.928953 -1.51288 -1.71062 -1.64909 -1.39918 -1.04729 -0.672547  1.18652 0.334364
-0.932054 -1.51755 -1.71483 -1.65147 -1.39904 -1.04484 -0.668615  1.18701 0.334848
-0.935234 -1.52234 -1.71911 -1.65388 -1.39885 -1.04228 -0.664563  1.1875 0.335347
-0.938426 -1.52715 -1.7234 -1.65627 -1.39863 -1.03968 -0.660474  1.188 0.335849
-0.941633 -1.53196 -1.72769 -1.65864 -1.39836 -1.03703 -0.656345  1.18851 0.336356
-0.944853 -1.53679 -1.73197 -1.66098 -1.39806 -1.03433 -0.652178  1.18902 0.336867
-0.948088 -1.54163 -1.73625 -1.6633 -1.39771 -1.03159 -0.647972  1.18953 0.337382
-0.951336 -1.54648 -1.74054 -1.66559 -1.39732 -1.0288 -0.643728  1.19004 0.337902
-0.9546 -1.55135 -1.74482 -1.66787 -1.3969 -1.02596 -0.639447  1.19056 0.338425
-0.957812 -1.55613 -1.74902 -1.67007 -1.39644 -1.02313 -0.635217  1.19107 0.338943
-0.961105 -1.56102 -1.7533 -1.6723 -1.39594 -1.0202 -0.630861  1.1916 0.339475
-0.964415 -1.56593 -1.75758 -1.67451 -1.39539 -1.01722 -0.626469  1.19213 0.340011
-0.967741 -1.57086 -1.76187 -1.6767 -1.39481 -1.0142 -0.62204  1.19267 0.340552
-0.971084 -1.5758 -1.76616 -1.67887 -1.39418 -1.01113 -0.617573  1.1932 0.341097
-0.974443 -1.58076 -1.77045 -1.68102 -1.39352 -1.00801 -0.613072  1.19375 0.341646
-0.977818 -1.58574 -1.77474 -1.68314 -1.39281 -1.00484 -0.608532  1.19429 0.3422
-0.981212 -1.59073 -1.77904 -1.68524 -1.39207 -1.00163 -0.603958  1.19485 0.342759
-0.984553 -1.59564 -1.78325 -1.68728 -1.39131 -0.998442 -0.599442  1.19539 0.34331
-0.987982 -1.60067 -1.78755 -1.68935 -1.39049 -0.995139 -0.594797  1.19595 0.343877
-0.991429 -1.60572 -1.79186 -1.69139 -1.38963 -0.99179 -0.590117  1.19652 0.344448
-0.994894 -1.61078 -1.79617 -1.69342 -1.38873 -0.988395 -0.585401  1.19709 0.345024
-0.998379 -1.61587 -1.80048 -1.69542 -1.38779 -0.984954 -0.58065  1.19766 0.345604
-1.00188 -1.62098 -1.8048 -1.6974 -1.38681 -0.981467 -0.575864  1.19825 0.346189
-1.00538 -1.62607 -1.80908 -1.69932 -1.38575 -0.977899 -0.571018  1.19882 0.346787
-1.0089 -1.63117 -1.81335 -1.70121 -1.38465 -0.974277 -0.566131  1.19941 0.34739
-1.01236 -1.63618 -1.81755 -1.70304 -1.38353 -0.970687 -0.561312  1.19998 0.347986
-1.01592 -1.64133 -1.82183 -1.70489 -1.38234 -0.966973 -0.556358  1.20058 0.348599
-1.01949 -1.64649 -1.82612 -1.70672 -1.38112 -0.963216 -0.551369  1.20118 0.349216
-1.02309 -1.65168 -1.83043 -1.70854 -1.37986 -0.959414 -0.54635  1.20178 0.349838
-1.02671 -1.65689 -1.83473 -1.71033 -1.37856 -0.955566 -0.541295  1.20239 0.350464
-1.03036 -1.66212 -1.83905 -1.71211 -1.37722 -0.951673 -0.536208  1.20301 0.351095
-1.03402 -1.66738 -1.84337 -1.71387 -1.37585 -0.947736 -0.531088  1.20364 0.351731
-1.03771 -1.67267 -1.8477 -1.71561 -1.37443 -0.943753 -0.525937  1.20427 0.352372
-1.04134 -1.67787 -1.85195 -1.7173 -1.37301 -0.939807 -0.520859  1.20489 0.353003
-1.04507 -1.6832 -1.8563 -1.71901 -1.37152 -0.935735 -0.515642  1.20553 0.353653
-1.04883 -1.68856 -1.86067 -1.7207 -1.36999 -0.93162 -0.510395  1.20619 0.354307
-1.05261 -1.69395 -1.86504 -1.72237 -1.36843 -0.927459 -0.505115  1.20684 0.354966
-1.05642 -1.69936 -1.86942 -1.72403 -1.36683 -0.923254 -0.499805  1.20751 0.355629
-1.06025 -1.7048 -1.87381 -1.72567 -1.36519 -0.919005 -0.494463  1.20818 0.356297
-1.06411 -1.71027 -1.87822 -1.7273 -1.36351 -0.914711 -0.489089  1.20886 0.35697
-1.06799 -1.71577 -1.88263 -1.7289 -1.36179 -0.910373 -0.483685  1.20955 0.357647
-1.07182 -1.72119 -1.88697 -1.73047 -1.36008 -0.906081 -0.478362  1.21023 0.358314
-1.07576 -1.72675 -1.89141 -1.73204 -1.35828 -0.901655 -0.472897  1.21093 0.359001
-1.07972 -1.73234 -1.89587 -1.73361 -1.35646 -0.897187 -0.467402  1.21164 0.359692
-1.08371 -1.73796 -1.90034 -1.73516 -1.3546 -0.892674 -0.461877  1.21236 0.360387
-1.08773 -1.74361 -1.90482 -1.73669 -1.35269 -0.888117 -0.456321  1.21309 0.361087
-1.09178 -1.7493 -1.90932 -1.73821 -1.35076 -0.883515 -0.450736  1.21383 0.361792
-1.09585 -1.75501 -1.91383 -1.73971 -1.34878 -0.87887 -0.44512  1.21457 0.362501
-1.09995 -1.76076 -1.91836 -1.7412 -1.34677 -0.874182 -0.439476  1.21533 0.363214
-1.10409 -1.76655 -1.9229 -1.74268 -1.34472 -0.86945 -0.433802  1.21609 0.363932
-1.10817 -1.77225 -1.92737 -1.74411 -1.34268 -0.864772 -0.428216  1.21684 0.36464
-1.11236 -1.77811 -1.93195 -1.74556 -1.34055 -0.859953 -0.422484  1.21763 0.365367
-1.11659 -1.784 -1.93655 -1.747 -1.33839 -0.855092 -0.416724  1.21842 0.366098
-1.12084 -1.78992 -1.94116 -1.74843 -1.3362 -0.850186 -0.410934  1.21922 0.366834
-1.12513 -1.79589 -1.94579 -1.74984 -1.33397 -0.845238 -0.405117  1.22003 0.367574
-1.12945 -1.80189 -1.95044 -1.75124 -1.3317 -0.840245 -0.39927  1.22085 0.368318
-1.1338 -1.80793 -1.95512 -1.75262 -1.32939 -0.83521 -0.393395  1.22168 0.369067
-1.13819 -1.81401 -1.95981 -1.754 -1.32705 -0.830131 -0.387492  1.22252 0.36982
-1.14252 -1.82 -1.96442 -1.75533 -1.32472 -0.825113 -0.381682  1.22335 0.370562
-1.14697 -1.82616 -1.96915 -1.75669 -1.32231 -0.819949 -0.375724  1.22421 0.371323
-1.15146 -1.83236 -1.9739 -1.75803 -1.31985 -0.81474 -0.369737  1.22508 0.372089
-1.15598 -1.8386 -1.97868 -1.75936 -1.31737 -0.809488 -0.363722  1.22597 0.372859
-1.16053 -1.84488 -1.98347 -1.76067 -1.31484 -0.804193 -0.35768  1.22686 0.373633
-1.16513 -1.85121 -1.9883 -1.76198 -1.31228 -0.798854 -0.35161  1.22777 0.374411
-1.16976 -1.85758 -1.99314 -1.76328 -1.30969 -0.793473 -0.345513  1.22869 0.375193
-1.17442 -1.86399 -1.99801 -1.76457 -1.30705 -0.788048 -0.339388  1.22962 0.37598
-1.17903 -1.87031 -2.0028 -1.76582 -1.30444 -0.78269 -0.333361  1.23054 0.376754
-1.18377 -1.87682 -2.00771 -1.76709 -1.30173 -0.777179 -0.327183  1.23149 0.377548
-1.18855 -1.88337 -2.01265 -1.76835 -1.29899 -0.771625 -0.320977  1.23246 0.378346
-1.19337 -1.88996 -2.01762 -1.76959 -1.29621 -0.766026 -0.314743  1.23344 0.379148
-1.19823 -1.8966 -2.02262 -1.77083 -1.2934 -0.760385 -0.308483  1.23443 0.379953
-1.20312 -1.9033 -2.02764 -1.77206 -1.29055 -0.754699 -0.302196  1.23543 0.380763
-1.20806 -1.91003 -2.03268 -1.77329 -1.28766 -0.748969 -0.295881  1.23645 0.381576
-1.21304 -1.91683 -2.03776 -1.7745 -1.28473 -0.743196 -0.289539  1.23748 0.382393
-1.21795 -1.92353 -2.04276 -1.77568 -1.28183 -0.737498 -0.283301  1.2385 0.383196
-1.22301 -1.93042 -2.04789 -1.77688 -1.27884 -0.731638 -0.276905  1.23956 0.38402
-1.22812 -1.93736 -2.05305 -1.77807 -1.2758 -0.725734 -0.270484  1.24063 0.384847
-1.23326 -1.94435 -2.05825 -1.77925 -1.27273 -0.719785 -0.264035  1.24172 0.385678
-1.23845 -1.9514 -2.06347 -1.78042 -1.26962 -0.713793 -0.257559  1.24282 0.386512
-1.24368 -1.9585 -2.06873 -1.78159 -1.26648 -0.707756 -0.251056  1.24394 0.38735
-1.24896 -1.96566 -2.07401 -1.78275 -1.2633 -0.701674 -0.244527  1.24507 0.388191
-1.25428 -1.97287 -2.07933 -1.7839 -1.26008 -0.695549 -0.23797  1.24621 0.389035
-1.25954 -1.97999 -2.08457 -1.78502 -1.25689 -0.689504 -0.231521  1.24735 0.389864
-1.26495 -1.98732 -2.08996 -1.78616 -1.2536 -0.683288 -0.224911  1.24853 0.390715
-1.27041 -1.9947 -2.09537 -1.78729 -1.25027 -0.677029 -0.218273  1.24972 0.391568
-1.27592 -2.00214 -2.10083 -1.78842 -1.2469 -0.670724 -0.211608  1.25093 0.392424
-1.28148 -2.00964 -2.10631 -1.78954 -1.2435 -0.664372 -0.204917  1.25215 0.393283
-1.28708 -2.0172 -2.11184 -1.79066 -1.24005 -0.657976 -0.198198  1.25339 0.394145
-1.29273 -2.02482 -2.1174 -1.79176 -1.23657 -0.651534 -0.191451  1.25465 0.395009
-1.29843 -2.03251 -2.12299 -1.79287 -1.23305 -0.645045 -0.184676  1.25593 0.395877
-1.30407 -2.04009 -2.12851 -1.79394 -1.22957 -0.638643 -0.178013  1.25719 0.396729
-1.30987 -2.0479 -2.13418 -1.79503 -1.22597 -0.632063 -0.171184  1.2585 0.397601
-1.31573 -2.05578 -2.13989 -1.79612 -1.22234 -0.625437 -0.164328  1.25983 0.398476
-1.32163 -2.06371 -2.14563 -1.7972 -1.21866 -0.618761 -0.157443  1.26118 0.399354
-1.32759 -2.07172 -2.15142 -1.79827 -1.21495 -0.61204 -0.15053  1.26254 0.400233
-1.3336 -2.07979 -2.15724 -1.79934 -1.2112 -0.60527 -0.143588  1.26393 0.401115
-1.33966 -2.08792 -2.16311 -1.80041 -1.2074 -0.598453 -0.136618  1.26533 0.401999
-1.34578 -2.09613 -2.16902 -1.80147 -1.20357 -0.591587 -0.12962  1.26675 0.402886
-1.35183 -2.10423 -2.17485 -1.8025 -1.19978 -0.584814 -0.122736  1.26816 0.403756
-1.35806 -2.11258 -2.18083 -1.80355 -1.19586 -0.577851 -0.115679  1.26962 0.404646
-1.36434 -2.12099 -2.18687 -1.8046 -1.19191 -0.57084 -0.108595  1.2711 0.405538
-1.37069 -2.12947 -2.19294 -1.80564 -1.18792 -0.563778 -0.10148  1.27261 0.406433
-1.37709 -2.13803 -2.19906 -1.80668 -1.18388 -0.556666 -0.0943356  1.27413 0.407329
-1.38354 -2.14666 -2.20522 -1.80771 -1.1798 -0.549504 -0.0871614  1.27567 0.408226
-1.39006 -2.15537 -2.21143 -1.80874 -1.17568 -0.542291 -0.0799561  1.27723 0.409126
-1.39663 -2.16415 -2.21769 -1.80976 -1.17152 -0.535027 -0.0727212  1.27882 0.410027
-1.40313 -2.17283 -2.22385 -1.81076 -1.1674 -0.527861 -0.0656032  1.28039 0.410911
-1.40983 -2.18176 -2.2302 -1.81177 -1.16315 -0.520494 -0.0583073  1.28202 0.411814
-1.41659 -2.19076 -2.23659 -1.81278 -1.15885 -0.513073 -0.0509785  1.28368 0.41272
-1.42341 -2.19985 -2.24302 -1.81379 -1.15452 -0.505599 -0.0436189  1.28535 0.413626
-1.43029 -2.20902 -2.24951 -1.81478 -1.15013 -0.498072 -0.0362271  1.28705 0.414534
-1.43723 -2.21827 -2.25604 -1.81578 -1.14571 -0.49049 -0.0288031  1.28877 0.415443
-1.44424 -2.22759 -2.26262 -1.81677 -1.14123 -0.482852 -0.0213453  1.29051 0.416354
-1.45131 -2.237 -2.26925 -1.81775 -1.13671 -0.47516 -0.0138549  1.29228 0.417265
-1.4583 -2.2463 -2.27579 -1.81871 -1.13224 -0.46757 -0.00648503  1.29404 0.418159
-1.4655 -2.25587 -2.28252 -1.81968 -1.12762 -0.459765 0.0010719  1.29586 0.419072
-1.47277 -2.26553 -2.2893 -1.82064 -1.12296 -0.451903 0.00866397  1.2977 0.419987
-1.48011 -2.27527 -2.29613 -1.8216 -1.11825 -0.443983 0.0162904  1.29957 0.420902
-1.48751 -2.2851 -2.30301 -1.82256 -1.11348 -0.436004 0.0239521  1.30146 0.421818
-1.49498 -2.29501 -2.30994 -1.8235 -1.10867 -0.427966 0.0316497  1.30338 0.422735
-1.50253 -2.30501 -2.31692 -1.82444 -1.10381 -0.419866 0.0393833  1.30533 0.423653
-1.51014 -2.3151 -2.32395 -1.82538 -1.09889 -0.411707 0.0471534  1.3073 0.424571
-1.51766 -2.32507 -2.33089 -1.82628 -1.09402 -0.403653 0.0548018  1.30926 0.425471
-1.52541 -2.33534 -2.33803 -1.8272 -1.089 -0.395371 0.0626459  1.31129 0.426391
-1.53323 -2.3457 -2.34522 -1.82811 -1.08393 -0.387025 0.0705284  1.31335 0.427311
-1.54113 -2.35615 -2.35246 -1.82901 -1.0788 -0.378614 0.0784496  1.31543 0.428232
-1.54909 -2.36669 -2.35975 -1.8299 -1.07361 -0.370138 0.0864104  1.31754 0.429153
-1.55713 -2.37732 -2.3671 -1.83078 -1.06836 -0.361596 0.094411  1.31968 0.430075
-1.56525 -2.38804 -2.3745 -1.83165 -1.06306 -0.352987 0.102452  1.32185 0.430997
-1.57343 -2.39886 -2.38196 -1.83251 -1.0577 -0.34431 0.110534  1.32405 0.43192
-1.58153 -2.40955 -2.38931 -1.83334 -1.05239 -0.335743 0.118491  1.32623 0.432825
-1.58986 -2.42056 -2.39687 -1.83417 -1.04691 -0.32693 0.126656  1.32849 0.433748
-1.59827 -2.43166 -2.40449 -1.83499 -1.04136 -0.318044 0.134863  1.33078 0.434673
-1.60676 -2.44286 -2.41215 -1.8358 -1.03576 -0.309087 0.143113  1.3331 0.435598
-1.61533 -2.45415 -2.41987 -1.83659 -1.03008 -0.300057 0.151409  1.33545 0.436523
-1.62397 -2.46555 -2.42765 -1.83737 -1.02435 -0.290954 0.159747  1.33783 0.437448
-1.63269 -2.47703 -2.43547 -1.83814 -1.01854 -0.281774 0.168131  1.34025 0.438374
-1.64149 -2.48862 -2.44335 -1.83888 -1.01267 -0.272519 0.176562  1.34269 0.439301
-1.65018 -2.50007 -2.45112 -1.83959 -1.00684 -0.263378 0.184865  1.34512 0.440209
-1.65913 -2.51185 -2.45911 -1.8403 -1.00083 -0.253968 0.193388  1.34763 0.441137
-1.66817 -2.52372 -2.46714 -1.84099 -0.994744 -0.244479 0.201957  1.35017 0.442065
-1.67728 -2.5357 -2.47523 -1.84165 -0.988584 -0.234909 0.210577  1.35275 0.442994
-1.68647 -2.54778 -2.48336 -1.8423 -0.982349 -0.225257 0.219244  1.35536 0.443923
-1.69574 -2.55996 -2.49155 -1.84292 -0.976038 -0.215522 0.227961  1.358 0.444853
-1.70509 -2.57223 -2.49979 -1.84351 -0.969646 -0.205703 0.236728  1.36068 0.445784
-1.71452 -2.58461 -2.50807 -1.84408 -0.963174 -0.195796 0.245547  1.36339 0.446716
-1.72384 -2.59682 -2.51623 -1.84461 -0.956756 -0.186009 0.254235  1.36608 0.447629
-1.73343 -2.60939 -2.52461 -1.84512 -0.95012 -0.17593 0.263155  1.36886 0.448562
-1.7431 -2.62206 -2.53304 -1.8456 -0.943401 -0.165762 0.272128  1.37167 0.449496
-1.75285 -2.63483 -2.54151 -1.84605 -0.936594 -0.155504 0.281154  1.37452 0.450431
-1.76268 -2.64769 -2.55003 -1.84647 -0.929699 -0.145153 0.290233  1.37741 0.451367
-1.77259 -2.66065 -2.55858 -1.84685 -0.922713 -0.134708 0.299366  1.38033 0.452304
-1.78258 -2.67371 -2.56718 -1.84719 -0.915636 -0.12417 0.308554  1.38328 0.453242
-1.79265 -2.68686 -2.57583 -1.84749 -0.908463 -0.113536 0.317797  1.38627 0.454182
-1.80259 -2.69984 -2.58433 -1.84774 -0.901345 -0.103025 0.326904  1.38924 0.455103
-1.81281 -2.71318 -2.59304 -1.84796 -0.893981 -0.0921972 0.336257  1.3923 0.456046
-1.82311 -2.72661 -2.60179 -1.84813 -0.886517 -0.0812713 0.345665  1.39539 0.456989
-1.83349 -2.74014 -2.61058 -1.84826 -0.878952 -0.0702443 0.35513  1.39852 0.457934
-1.84395 -2.75376 -2.6194 -1.84834 -0.871283 -0.0591155 0.364651  1.40169 0.458881
-1.85448 -2.76746 -2.62825 -1.84836 -0.863508 -0.0478848 0.374228  1.40489 0.45983
-1.86509 -2.78126 -2.63713 -1.84833 -0.855629 -0.0365513 0.383862  1.40813 0.46078
-1.87577 -2.79514 -2.64602 -1.84824 -0.847635 -0.0251108 0.393553  1.4114 0.461733
-1.8863 -2.80882 -2.65477 -1.8481 -0.839699 -0.0138021 0.403102  1.41464 0.462668
-1.89713 -2.82286 -2.66372 -1.8479 -0.831485 -0.00215299 0.412906  1.41798 0.463624
-1.90803 -2.83699 -2.67268 -1.84763 -0.823155 0.00960444 0.422765  1.42135 0.464583
-1.91899 -2.85119 -2.68166 -1.84729 -0.814706 0.0214697 0.43268  1.42476 0.465544
-1.93002 -2.86548 -2.69066 -1.84688 -0.806141 0.0334438 0.442652  1.42821 0.466507
-1.94112 -2.87983 -2.69966 -1.8464 -0.797453 0.0455273 0.452679  1.43168 0.467473
-1.95228 -2.89426 -2.70867 -1.84585 -0.788641 0.0577209 0.46276  1.43519 0.468441
-1.96351 -2.90875 -2.71768 -1.84522 -0.779705 0.0700259 0.472896  1.43873 0.469412
-1.97457 -2.92302 -2.72651 -1.84452 -0.770828 0.0821858 0.482876  1.44222 0.470366
-1.98592 -2.93764 -2.73553 -1.84373 -0.761641 0.09471 0.493118  1.44583 0.471341
-1.99732 -2.95232 -2.74453 -1.84285 -0.752321 0.107345 0.503409  1.44946 0.472321
-2.00878 -2.96706 -2.75353 -1.84188 -0.74287 0.120092 0.513751  1.45312 0.473303
-2.02029 -2.98185 -2.76251 -1.84082 -0.733287 0.13295 0.524143  1.45681 0.474287
-2.03185 -2.99669 -2.77148 -1.83967 -0.723568 0.145918 0.534583  1.46053 0.475275
-2.04346 -3.01158 -2.78042 -1.83841 -0.713713 0.158997 0.545068  1.46428 0.476266
-2.05512 -3.02651 -2.78935 -1.83706 -0.703724 0.172185 0.555599  1.46805 0.477259
-2.06658 -3.04117 -2.79806 -1.83564 -0.693801 0.185211 0.565956  1.47177 0.478236
-2.07831 -3.05616 -2.80691 -1.83407 -0.683532 0.198615 0.576568  1.47559 0.479236
-2.09009 -3.07119 -2.81573 -1.8324 -0.673125 0.212126 0.58722  1.47943 0.480239
-2.10189 -3.08624 -2.82451 -1.83062 -0.662577 0.225743 0.597908  1.4833 0.481245
-2.11373 -3.10131 -2.83324 -1.82872 -0.651886 0.239465 0.608631  1.48718 0.482254
-2.12559 -3.11639 -2.84192 -1.8267 -0.641053 0.25329 0.619384  1.49109 0.483267
-2.13748 -3.13148 -2.85054 -1.82456 -0.630076 0.267216 0.630166  1.49501 0.484282
-2.14939 -3.14658 -2.85911 -1.8223 -0.618959 0.281241 0.640975  1.49895 0.4853
-2.16106 -3.16136 -2.86743 -1.81996 -0.607926 0.295074 0.651584  1.50283 0.486302
-2.173 -3.17646 -2.87587 -1.81744 -0.596524 0.309288 0.662434  1.5068 0.487326
-2.18494 -3.19153 -2.88422 -1.8148 -0.584979 0.323595 0.6733  1.51078 0.488353
-2.1969 -3.2066 -2.8925 -1.81202 -0.573294 0.337991 0.684179  1.51477 0.489382
-2.20885 -3.22165 -2.9007 -1.80911 -0.561467 0.352474 0.695067  1.51877 0.490415
-2.2208 -3.23666 -2.90881 -1.80605 -0.549498 0.367039 0.70596  1.52278 0.49145
-2.23274 -3.25165 -2.91683 -1.80286 -0.537392 0.381684 0.716854  1.52679 0.492487
-2.24467 -3.26659 -2.92474 -1.79953 -0.525147 0.396404 0.727744  1.53081 0.493527
-2.25635 -3.28119 -2.9324 -1.79613 -0.51302 0.410895 0.738406  1.53475 0.494548
-2.26825 -3.29605 -2.94012 -1.79251 -0.500507 0.425755 0.749279  1.53877 0.495592
-2.28013 -3.31085 -2.94772 -1.78875 -0.487861 0.440678 0.760135  1.54278 0.496638
-2.29198 -3.32559 -2.95522 -1.78484 -0.475087 0.455662 0.77097  1.5468 0.497685
-2.3038 -3.34027 -2.96259 -1.78079 -0.462182 0.4707 0.78178  1.55081 0.498734
-2.31559 -3.35487 -2.96983 -1.77658 -0.449152 0.485789 0.79256  1.55481 0.499785
-2.32734 -3.3694 -2.97696 -1.77223 -0.436 0.500923 0.803306  1.55881 0.500836
-2.33904 -3.38385 -2.98395 -1.76773 -0.422729 0.516097 0.81401  1.56279 0.501889
-2.3507 -3.39821 -2.99081 -1.76308 -0.409339 0.531307 0.824669  1.56676 0.502943
-2.36208 -3.41219 -2.99741 -1.75838 -0.396115 0.546234 0.835064  1.57064 0.503975
-2.37364 -3.42636 -3.00399 -1.75343 -0.382506 0.561498 0.845619  1.57458 0.50503
-2.38514 -3.44044 -3.01044 -1.74833 -0.368792 0.57678 0.856114  1.57851 0.506084
-2.39658 -3.45441 -3.01674 -1.74309 -0.354974 0.592075 0.866544  1.58241 0.507139
-2.40796 -3.46827 -3.02289 -1.7377 -0.341058 0.607378 0.876903  1.58629 0.508193
-2.41927 -3.48202 -3.02889 -1.73216 -0.327049 0.622683 0.887187  1.59015 0.509248
-2.43051 -3.49564 -3.03474 -1.72647 -0.312949 0.637985 0.897391  1.59399 0.510301
-2.44167 -3.50915 -3.04043 -1.72064 -0.298765 0.653275 0.907507  1.59779 0.511354
-2.45253 -3.52225 -3.04586 -1.71479 -0.284791 0.668237 0.917329  1.6015 0.512384
-2.46354 -3.53551 -3.05124 -1.70868 -0.270451 0.683491 0.927261  1.60525 0.513434
-2.47447 -3.54863 -3.05646 -1.70243 -0.256039 0.698717 0.937093  1.60897 0.514483
-2.48531 -3.5616 -3.06151 -1.69604 -0.241558 0.713909 0.946817  1.61265 0.515531
-2.49606 -3.57445 -3.06641 -1.68952 -0.227018 0.729063 0.956434  1.61631 0.516577
-2.50673 -3.58715 -3.07114 -1.68286 -0.212419 0.744171 0.965934  1.61993 0.517621
-2.5173 -3.59971 -3.07571 -1.67606 -0.197768 0.759228 0.975316  1.62351 0.518662
-2.52777 -3.61211 -3.08011 -1.66914 -0.183069 0.774228 0.984573  1.62705 0.519702
-2.53794 -3.62412 -3.08426 -1.66224 -0.168627 0.788861 0.993517  1.63048 0.520719
-2.54822 -3.63622 -3.08833 -1.65507 -0.153849 0.803732 1.00252  1.63395 0.521753
-2.5584 -3.64818 -3.09223 -1.64777 -0.139036 0.81853 1.01138  1.63737 0.522786
-2.56848 -3.65997 -3.09597 -1.64036 -0.124196 0.833251 1.0201  1.64075 0.523816
-2.57846 -3.67161 -3.09954 -1.63283 -0.109332 0.847886 1.02868  1.64409 0.524843
-2.58833 -3.68309 -3.10295 -1.62518 -0.09445 0.862433 1.03711  1.64738 0.525867
-2.5981 -3.69441 -3.10618 -1.61743 -0.0795536 0.876886 1.04539  1.65063 0.526889
-2.60776 -3.70557 -3.10926 -1.60957 -0.0646489 0.89124 1.05351  1.65383 0.527907
-2.61713 -3.71636 -3.11213 -1.60177 -0.0500451 0.905202 1.06132  1.65693 0.528901
-2.62658 -3.72721 -3.11489 -1.5937 -0.035137 0.919349 1.06914  1.66004 0.529913
-2.63593 -3.7379 -3.11749 -1.58554 -0.0202336 0.933384 1.07679  1.66311 0.530922
-2.64517 -3.74843 -3.11993 -1.57729 -0.00533956 0.947303 1.08428  1.66613 0.531927
-2.65431 -3.75881 -3.12222 -1.56894 0.00954083 0.961103 1.0916  1.6691 0.532929
-2.66334 -3.76903 -3.12437 -1.56051 0.0244035 0.974781 1.09875  1.67203 0.533927
-2.67227 -3.7791 -3.12636 -1.552 0.0392433 0.988331 1.10573  1.67491 0.534922
-2.6811 -3.78901 -3.12821 -1.5434 0.0540578 1.00175 1.11254  1.67775 0.535913
-2.68965 -3.79858 -3.12987 -1.53491 0.0685411 1.01477 1.11905  1.68048 0.536882
-2.69828 -3.8082 -3.13144 -1.52617 0.0832932 1.02793 1.12552  1.68323 0.537866
-2.70682 -3.81769 -3.13288 -1.51737 0.0980072 1.04095 1.13182  1.68593 0.538847
-2.71526 -3.82702 -3.13417 -1.5085 0.112683 1.05383 1.13794  1.68859 0.539824
-2.7236 -3.83622 -3.13533 -1.49956 0.127314 1.06657 1.14388  1.6912 0.540798
-2.73184 -3.84527 -3.13637 -1.49057 0.141899 1.07916 1.14965  1.69377 0.541768
-2.74 -3.8542 -3.13729 -1.48152 0.156435 1.09161 1.15525  1.6963 0.542735
-2.74807 -3.86299 -3.13808 -1.47242 0.170918 1.10391 1.16066  1.69879 0.543699
-2.75588 -3.87147 -3.13874 -1.46345 0.185054 1.11582 1.1658  1.70118 0.54464
-2.76377 -3.88 -3.13929 -1.45426 0.199428 1.12782 1.17087  1.70358 0.545597
-2.77158 -3.88841 -3.13974 -1.44502 0.213743 1.13968 1.17576  1.70595 0.546551
-2.7793 -3.89669 -3.14007 -1.43573 0.227996 1.15138 1.18047  1.70827 0.547502
-2.78695 -3.90486 -3.1403 -1.42641 0.242186 1.16293 1.18501  1.71056 0.548451
-2.79451 -3.91291 -3.14042 -1.41705 0.256311 1.17432 1.18938  1.71281 0.549396
-2.802 -3.92084 -3.14044 -1.40766 0.270369 1.18556 1.19357  1.71502 0.550339
-2.80941 -3.92866 -3.14036 -1.39824 0.28436 1.19665 1.19759  1.7172 0.551279
-2.81659 -3.93621 -3.14019 -1.38897 0.297997 1.20735 1.20136  1.71929 0.552198
-2.82386 -3.94381 -3.13992 -1.37949 0.311847 1.21813 1.20504  1.7214 0.553133
-2.83106 -3.95132 -3.13956 -1.36999 0.325627 1.22875 1.20855  1.72347 0.554066
-2.83818 -3.95871 -3.13911 -1.36045 0.339331 1.23922 1.21189  1.72551 0.554998
-2.84525 -3.96602 -3.13858 -1.3509 0.352963 1.24953 1.21506  1.72751 0.555927
-2.85225 -3.97322 -3.13796 -1.34132 0.366519 1.25968 1.21806  1.72949 0.556855
-2.85919 -3.98034 -3.13726 -1.33173 0.379999 1.26968 1.2209  1.73143 0.557781
-2.86606 -3.98735 -3.13648 -1.32212 0.393402 1.27953 1.22357  1.73335 0.558705
-2.87274 -3.99414 -3.13564 -1.31269 0.406457 1.28902 1.22603  1.73519 0.559609
-2.87951 -4.00099 -3.13471 -1.30305 0.419707 1.29856 1.22838  1.73705 0.560531
-2.88622 -4.00775 -3.1337 -1.29339 0.432879 1.30795 1.23057  1.73888 0.561453
-2.89287 -4.01443 -3.13263 -1.28372 0.445972 1.31718 1.2326  1.74068 0.562373
-2.89947 -4.02103 -3.13148 -1.27405 0.458986 1.32626 1.23447  1.74246 0.563292
-2.90603 -4.02756 -3.13027 -1.26436 0.471922 1.33519 1.23618  1.74421 0.564211
-2.91254 -4.03401 -3.12899 -1.25466 0.484778 1.34397 1.23774  1.74594 0.56513
-2.91901 -4.04039 -3.12766 -1.24496 0.497556 1.3526 1.23915  1.74765 0.566048
-2.92529 -4.04656 -3.12628 -1.23544 0.509995 1.36091 1.24038  1.74929 0.566947
-2.93167 -4.05281 -3.12483 -1.22572 0.522616 1.36925 1.24149  1.75095 0.567866
-2.93801 -4.05898 -3.12331 -1.216 0.535157 1.37743 1.24245  1.75259 0.568784
-2.94431 -4.06509 -3.12174 -1.20627 0.547619 1.38548 1.24326  1.75421 0.569703
-2.95057 -4.07113 -3.1201 -1.19653 0.560003 1.39337 1.24393  1.75581 0.570623
-2.9568 -4.07713 -3.11842 -1.18679 0.572308 1.40113 1.24445  1.75739 0.571543
-2.96299 -4.08305 -3.11669 -1.17705 0.584535 1.40874 1.24483  1.75895 0.572465
-2.96915 -4.08893 -3.1149 -1.1673 0.596684 1.41621 1.24506  1.7605 0.573386
-2.97515 -4.09463 -3.1131 -1.15775 0.608509 1.42338 1.24516  1.76199 0.574292
-2.98125 -4.1004 -3.11122 -1.148 0.620504 1.43057 1.24512  1.7635 0.575216
-2.98732 -4.10611 -3.10928 -1.13825 0.632423 1.43762 1.24495  1.765 0.576143
-2.99337 -4.11178 -3.10731 -1.12849 0.644266 1.44453 1.24464  1.76648 0.577071
-2.99939 -4.1174 -3.10528 -1.11874 0.656031 1.45131 1.24419  1.76795 0.578001
-3.00529 -4.12285 -3.10312 -1.10894 0.667711 1.4579 1.24357  1.76936 0.578937
-3.01117 -4.12824 -3.1009 -1.09913 0.679312 1.46436 1.24281  1.77075 0.579875
-3.01702 -4.13359 -3.09864 -1.08932 0.690839 1.47067 1.24192  1.77213 0.580817
-3.02273 -4.13878 -3.09638 -1.07971 0.702058 1.47673 1.24092  1.77347 0.581741
-3.02855 -4.14406 -3.09404 -1.0699 0.713435 1.48279 1.23978  1.77483 0.582686
-3.03435 -4.14928 -3.09166 -1.0601 0.724739 1.48872 1.23851  1.77618 0.583635
-3.04013 -4.15448 -3.08924 -1.05029 0.735969 1.49451 1.23712  1.77751 0.584587
-3.0459 -4.15964 -3.08679 -1.04048 0.747128 1.50018 1.23561  1.77884 0.585541
-3.05165 -4.16476 -3.0843 -1.03068 0.758213 1.50571 1.23397  1.78016 0.586499
-3.05739 -4.16985 -3.08178 -1.02087 0.769227 1.51112 1.23222  1.78147 0.58746
-3.06312 -4.17491 -3.07922 -1.01106 0.78017 1.51641 1.23035  1.78277 0.588424
-3.06873 -4.17984 -3.07668 -1.00146 0.790821 1.52147 1.2284  1.78405 0.589372
-3.07444 -4.18485 -3.07406 -0.991652 0.801625 1.52651 1.2263  1.78534 0.590344
-3.08014 -4.18982 -3.0714 -0.981844 0.812358 1.53142 1.22408  1.78662 0.59132
-3.08584 -4.19477 -3.06871 -0.972039 0.823025 1.53622 1.22175  1.7879 0.592299
-3.09153 -4.1997 -3.06599 -0.962232 0.833622 1.54089 1.21931  1.78918 0.593283
-3.09722 -4.2046 -3.06324 -0.952427 0.844153 1.54544 1.21676  1.79045 0.594271
-3.1029 -4.20947 -3.06046 -0.942618 0.854616 1.54988 1.2141  1.79172 0.595264
-3.10858 -4.21433 -3.05765 -0.932809 0.865014 1.5542 1.21133  1.79298 0.59626
-3.11414 -4.21907 -3.05487 -0.9232 0.875135 1.55831 1.20851  1.79421 0.597242
-3.11983 -4.22389 -3.05201 -0.91339 0.885404 1.5624 1.20554  1.79547 0.598249
-3.1255 -4.22868 -3.04911 -0.903578 0.895607 1.56637 1.20245  1.79673 0.59926
-3.13119 -4.23347 -3.04619 -0.893765 0.905748 1.57023 1.19927  1.79799 0.600276
-3.13687 -4.23823 -3.04324 -0.883948 0.915824 1.57397 1.19598  1.79924 0.601298
-3.14255 -4.24299 -3.04027 -0.874131 0.925839 1.57761 1.19259  1.80049 0.602325
-3.14824 -4.24772 -3.03727 -0.86431 0.93579 1.58113 1.1891  1.80175 0.603359
-3.15394 -4.25244 -3.03424 -0.854488 0.94568 1.58454 1.18551  1.803 0.604397
-3.15952 -4.25705 -3.03125 -0.844862 0.95531 1.58777 1.1819  1.80423 0.60542
-3.16523 -4.26175 -3.02817 -0.835034 0.96508 1.59097 1.17812  1.80549 0.60647
-3.17094 -4.26643 -3.02506 -0.825201 0.974788 1.59405 1.17424  1.80675 0.607526
-3.17666 -4.27111 -3.02193 -0.815366 0.98444 1.59703 1.17027  1.80801 0.608589
-3.18239 -4.27577 -3.01878 -0.805527 0.994032 1.5999 1.16621  1.80927 0.609658
-3.18813 -4.28043 -3.0156 -0.795682 1.00356 1.60266 1.16205  1.81054 0.610733
-3.19388 -4.28508 -3.0124 -0.785833 1.01304 1.60532 1.15779  1.81181 0.611815
-3.19965 -4.28972 -3.00917 -0.775981 1.02246 1.60787 1.15345  1.81308 0.612903
-3.2053 -4.29426 -3.00599 -0.766324 1.03163 1.61027 1.14911  1.81433 0.613976
-3.21109 -4.29889 -3.00272 -0.756462 1.04093 1.61262 1.14459  1.81561 0.615078
-3.21689 -4.30351 -2.99942 -0.746593 1.05018 1.61486 1.13998  1.8169 0.616187
-3.2227 -4.30813 -2.99611 -0.736719 1.05937 1.617 1.13528  1.81819 0.617303
-3.22853 -4.31275 -2.99277 -0.72684 1.06851 1.61904 1.13049  1.81949 0.618427
-3.23437 -4.31736 -2.9894 -0.716954 1.07759 1.62098 1.12562  1.82079 0.619559
-3.24023 -4.32197 -2.98602 -0.707062 1.08662 1.62282 1.12066  1.8221 0.620697
-3.24611 -4.32658 -2.98261 -0.697162 1.09559 1.62456 1.11562  1.82342 0.621844
-3.25188 -4.33109 -2.97925 -0.687459 1.10433 1.62616 1.1106  1.82471 0.622975
-3.25779 -4.3357 -2.9758 -0.677547 1.1132 1.6277 1.10539  1.82604 0.624137
-3.26372 -4.34031 -2.97232 -0.667626 1.12201 1.62914 1.1001  1.82738 0.625308
-3.26967 -4.34491 -2.96883 -0.657697 1.13077 1.63048 1.09472  1.82872 0.626486
-3.27564 -4.34952 -2.96531 -0.647762 1.13948 1.63172 1.08927  1.83007 0.627674
-3.28162 -4.35413 -2.96177 -0.637818 1.14813 1.63287 1.08373  1.83144 0.62887
-3.28763 -4.35875 -2.95821 -0.627868 1.15673 1.63391 1.07812  1.83281 0.630074
-3.29367 -4.36336 -2.95463 -0.617908 1.16528 1.63486 1.07242  1.83419 0.631287
-3.29959 -4.36789 -2.9511 -0.608142 1.17361 1.6357 1.06676  1.83555 0.632484
-3.30567 -4.37251 -2.94748 -0.598166 1.18205 1.63646 1.06091  1.83695 0.633715
-3.31177 -4.37714 -2.94384 -0.588182 1.19045 1.63712 1.05498  1.83835 0.634954
-3.31789 -4.38177 -2.94017 -0.578189 1.19879 1.63768 1.04897  1.83977 0.636204
-3.32404 -4.38641 -2.93648 -0.568185 1.20708 1.63815 1.04288  1.8412 0.637462
-3.33021 -4.39106 -2.93278 -0.558174 1.21532 1.63852 1.03672  1.84264 0.638731
-3.33641 -4.39571 -2.92906 -0.548155 1.22351 1.6388 1.03049  1.8441 0.640008
-3.34263 -4.40037 -2.92531 -0.538126 1.23165 1.63898 1.02417  1.84556 0.641296
-3.34875 -4.40494 -2.92162 -0.528291 1.23956 1.63906 1.01791  1.84701 0.642567
-3.35503 -4.40962 -2.91784 -0.518245 1.2476 1.63905 1.01145  1.84849 0.643875
-3.36133 -4.4143 -2.91404 -0.508188 1.25558 1.63895 1.00491  1.84999 0.645192
-3.36766 -4.419 -2.91022 -0.498126 1.26351 1.63875 0.998298  1.85151 0.64652
-3.37402 -4.4237 -2.90637 -0.488052 1.27139 1.63845 0.991613  1.85303 0.647858
-3.38041 -4.42841 -2.90251 -0.477971 1.27921 1.63806 0.984852  1.85457 0.649207
-3.38683 -4.43314 -2.89864 -0.467882 1.28698 1.63757 0.97802  1.85613 0.650567
-3.39328 -4.43787 -2.89474 -0.457783 1.2947 1.63698 0.971113  1.85769 0.651937
-3.39976 -4.44262 -2.89083 -0.447678 1.30236 1.6363 0.964134  1.85927 0.653319
-3.40613 -4.44729 -2.88697 -0.43777 1.30982 1.63554 0.957226  1.86084 0.654684
-3.41267 -4.45206 -2.88302 -0.427651 1.31738 1.63467 0.950105  1.86245 0.656087
-3.41925 -4.45684 -2.87906 -0.417522 1.32488 1.63369 0.942911  1.86407 0.657502
-3.42585 -4.46165 -2.87507 -0.407388 1.33233 1.63262 0.935642  1.86571 0.658929
-3.43249 -4.46646 -2.87107 -0.397247 1.33972 1.63145 0.928302  1.86737 0.660368
-3.43916 -4.4713 -2.86706 -0.387102 1.34705 1.63019 0.920893  1.86904 0.661817
-3.44586 -4.47614 -2.86302 -0.37695 1.35432 1.62882 0.913408  1.87073 0.66328
-3.4526 -4.48101 -2.85898 -0.366796 1.36154 1.62735 0.905853  1.87243 0.664754
-3.45924 -4.48579 -2.855 -0.356844 1.36856 1.62582 0.898383  1.87412 0.66621
-3.46604 -4.49068 -2.85093 -0.346682 1.37565 1.62415 0.890685  1.87586 0.667709
-3.47289 -4.4956 -2.84684 -0.336519 1.38269 1.62238 0.882913  1.87761 0.66922
-3.47977 -4.50053 -2.84274 -0.326353 1.38967 1.6205 0.875072  1.87939 0.670744
-3.48669 -4.50549 -2.83863 -0.316189 1.39658 1.61853 0.867159  1.88118 0.672281
-3.49363 -4.51046 -2.8345 -0.306024 1.40342 1.61644 0.859169  1.88298 0.673831
-3.50063 -4.51546 -2.83037 -0.295864 1.4102 1.61426 0.851112  1.88482 0.675394
-3.50766 -4.52047 -2.82623 -0.285706 1.41691 1.61196 0.842979  1.88666 0.67697
-3.51458 -4.52541 -2.82217 -0.27576 1.42342 1.6096 0.834938  1.88849 0.678527
-3.52169 -4.53048 -2.81801 -0.265613 1.42999 1.60709 0.826662  1.89038 0.680131
-3.52884 -4.53556 -2.81385 -0.255473 1.43648 1.60447 0.818309  1.89228 0.681748
-3.53602 -4.54067 -2.80968 -0.245345 1.4429 1.60172 0.809879  1.89421 0.683379
-3.54325 -4.54581 -2.80551 -0.235227 1.44924 1.59887 0.801377  1.89615 0.685024
-3.55052 -4.55098 -2.80133 -0.225124 1.4555 1.5959 0.792797  1.89812 0.686685
-3.55782 -4.55616 -2.79715 -0.215038 1.46168 1.59281 0.784141  1.9001 0.688359
-3.56519 -4.5614 -2.79299 -0.204971 1.46778 1.5896 0.775413  1.90212 0.690048
-3.57243 -4.56654 -2.7889 -0.195129 1.47366 1.58634 0.766779  1.90411 0.691718
-3.57987 -4.57184 -2.78474 -0.185108 1.47957 1.58288 0.757894  1.90617 0.693437
-3.58736 -4.57715 -2.78058 -0.175113 1.48539 1.5793 0.748923  1.90824 0.695172
-3.59489 -4.5825 -2.77643 -0.165148 1.49111 1.57558 0.739875  1.91034 0.696921
-3.60247 -4.58791 -2.77231 -0.155221 1.49672 1.57174 0.730747  1.91247 0.698687
-3.6101 -4.59334 -2.76819 -0.145329 1.50223 1.56775 0.721534  1.91462 0.700469
-3.61778 -4.59882 -2.7641 -0.135484 1.50763 1.56363 0.712238  1.9168 0.702266
-3.62551 -4.60434 -2.76002 -0.125682 1.51291 1.55936 0.702854  1.91901 0.704081
-3.63313 -4.6098 -2.75606 -0.116134 1.51796 1.55504 0.69358  1.92119 0.705875
-3.64096 -4.61542 -2.75204 -0.106444 1.523 1.55048 0.684025  1.92345 0.707723
-3.64885 -4.62109 -2.74807 -0.0968147 1.52791 1.54576 0.67438  1.92574 0.709587
-3.65679 -4.6268 -2.74412 -0.0872564 1.53266 1.54088 0.664639  1.92806 0.71147
-3.66479 -4.63259 -2.74022 -0.0777741 1.53728 1.53584 0.654807  1.93041 0.71337
-3.67286 -4.63845 -2.73638 -0.0683766 1.54175 1.53063 0.64488  1.9328 0.715288
-3.68098 -4.64435 -2.73259 -0.0590687 1.54605 1.52524 0.634852  1.93521 0.717225
-3.68918 -4.65035 -2.72887 -0.0498631 1.55019 1.51968 0.62473  1.93767 0.719179
-3.69728 -4.6563 -2.7253 -0.0409496 1.55407 1.51405 0.614711  1.9401 0.721112
-3.7056 -4.66244 -2.72172 -0.0319669 1.55785 1.50811 0.604375  1.94263 0.723105
-3.71401 -4.66869 -2.71825 -0.0231147 1.56143 1.50197 0.593937  1.9452 0.725116
-3.7225 -4.67503 -2.71487 -0.014404 1.5648 1.49562 0.583384  1.94781 0.727148
-3.73107 -4.68148 -2.71159 -0.00584465 1.56796 1.48907 0.57272  1.95047 0.729198
-3.73972 -4.68803 -2.70844 0.00254774 1.57088 1.48228 0.561932  1.95318 0.731269
-3.74848 -4.69473 -2.70543 0.0107587 1.57356 1.47526 0.551028  1.95594 0.733361
-3.75734 -4.70155 -2.70257 0.0187747 1.57599 1.46801 0.539997  1.95876 0.735474
-3.76611 -4.70837 -2.69992 0.0264199 1.57809 1.46065 0.529065  1.96158 0.737563
-3.77518 -4.71551 -2.6974 0.0339946 1.57997 1.45289 0.517774  1.96452 0.739717
-3.78438 -4.72281 -2.69508 0.0413209 1.58153 1.44486 0.506345  1.96753 0.741892
-3.79371 -4.7303 -2.69297 0.048376 1.58277 1.43654 0.49477  1.97061 0.744089
-3.80318 -4.73801 -2.69111 0.0551368 1.58367 1.42793 0.483051  1.97378 0.746307
-3.81281 -4.74595 -2.68952 0.061578 1.58421 1.419 0.471175  1.97703 0.748547
-3.82258 -4.75411 -2.6882 0.0676692 1.58434 1.40973 0.459123  1.98037 0.750809
-3.83249 -4.76248 -2.68716 0.0733845 1.58404 1.40009 0.446887  1.98378 0.753094
-3.8424 -4.771 -2.6865 0.0785912 1.58333 1.39031 0.434739  1.98725 0.755353
-3.85274 -4.78003 -2.68622 0.0834721 1.58214 1.37997 0.422162  1.99091 0.757679
-3.86333 -4.78944 -2.68637 0.0878784 1.58048 1.36924 0.409401  1.99471 0.760026
-3.87419 -4.79927 -2.68699 0.0917748 1.57831 1.35811 0.396453  1.99867 0.762392
-3.88534 -4.80955 -2.68812 0.0951213 1.5756 1.34657 0.383305  2.0028 0.764776
-3.89681 -4.82031 -2.68981 0.0978749 1.57231 1.33459 0.369953  2.00712 0.767179
-3.90864 -4.83165 -2.69213 0.0999857 1.56842 1.32216 0.356389  2.01165 0.769596
-3.92088 -4.84362 -2.69515 0.101406 1.56389 1.30927 0.342611  2.01641 0.772028
-3.93331 -4.856 -2.69882 0.102079 1.5588 1.29616 0.328895  2.02134 0.774421
-3.94647 -4.86937 -2.70338 0.101978 1.55291 1.28228 0.314663  2.02664 0.776874
-3.96019 -4.88361 -2.70884 0.101025 1.54629 1.26789 0.300196  2.03229 0.779334
-3.97451 -4.89876 -2.71528 0.0991546 1.53888 1.25296 0.285484  2.03828 0.781795
-3.98952 -4.91495 -2.7228 0.0963026 1.53067 1.23748 0.270524  2.04469 0.784255
-4.00308 -4.92828 -2.72612 0.0982857 1.52677 1.22487 0.256835  2.05027 0.786732
-4.0139 -4.93645 -2.72231 0.108177 1.52981 1.21683 0.245167  2.05428 0.789251
-4.02479 -4.94466 -2.71847 0.118112 1.53282 1.2087 0.23344  2.05834 0.791791
-4.03551 -4.95274 -2.71466 0.127884 1.53572 1.20063 0.221894  2.06235 0.794299
-4.04656 -4.96106 -2.71077 0.137896 1.53865 1.19232 0.210056  2.0665 0.796878
-4.05767 -4.96941 -2.70682 0.147952 1.54154 1.1839 0.198155  2.07069 0.799478
-4.06885 -4.97782 -2.70285 0.15805 1.5444 1.17539 0.186198  2.07494 0.802099
-4.08012 -4.98628 -2.69884 0.168189 1.54721 1.16678 0.174184  2.07923 0.80474
-4.09146 -4.99479 -2.6948 0.178371 1.54999 1.15808 0.162111  2.08358 0.807401
-4.10289 -5.00336 -2.69074 0.188595 1.55273 1.14929 0.149979  2.08798 0.810083
-4.11437 -5.01197 -2.68662 0.198868 1.55543 1.14039 0.13779  2.09242 0.812786
-4.12571 -5.02045 -2.68256 0.208971 1.55805 1.13159 0.125792  2.09683 0.815454
-4.13736 -5.02916 -2.67837 0.219331 1.56067 1.1225 0.113486  2.10138 0.818198
-4.14909 -5.03792 -2.67415 0.229735 1.56326 1.11332 0.101124  2.10599 0.820964
-4.1609 -5.04673 -2.66989 0.240188 1.56582 1.10404 0.0886991  2.11064 0.823751
-4.17277 -5.05558 -2.66558 0.250692 1.56833 1.09466 0.0762186  2.11534 0.826558
-4.18473 -5.06449 -2.66124 0.261241 1.57081 1.08518 0.0636788  2.1201 0.829386
-4.19677 -5.07344 -2.65685 0.271837 1.57324 1.0756 0.0510772  2.12492 0.832236
-4.20888 -5.08244 -2.65242 0.282485 1.57564 1.06592 0.038419  2.12978 0.835107
-4.22082 -5.0913 -2.64803 0.292967 1.57795 1.05634 0.0259615  2.1346 0.83794
-4.23308 -5.10039 -2.64351 0.303716 1.58027 1.04646 0.0131852  2.13957 0.840853
-4.24543 -5.10953 -2.63895 0.314517 1.58255 1.03648 0.000349566  2.1446 0.843788
-4.25785 -5.11871 -2.63433 0.32537 1.58479 1.0264 -0.0125458  2.14968 0.846744
-4.27035 -5.12794 -2.62967 0.336275 1.587 1.01621 -0.0255006  2.15482 0.849721
-4.28291 -5.1372 -2.62495 0.347237 1.58916 1.00592 -0.0385148  2.16001 0.852719
-4.29556 -5.14652 -2.62018 0.358251 1.59128 0.995525 -0.0515877  2.16526 0.855739
-4.30829 -5.15588 -2.61536 0.369321 1.59337 0.985026 -0.0647204  2.17056 0.858781
-4.32083 -5.16509 -2.61059 0.38022 1.59537 0.97464 -0.0776435  2.17581 0.861781
-4.33371 -5.17453 -2.60567 0.391402 1.59737 0.963933 -0.0908945  2.18122 0.864865
-4.34666 -5.18401 -2.60068 0.402641 1.59933 0.953118 -0.104204  2.18669 0.86797
-4.35968 -5.19353 -2.59564 0.413938 1.60125 0.942197 -0.117575  2.19221 0.871097
-4.37279 -5.20309 -2.59054 0.425291 1.60313 0.931169 -0.131004  2.1978 0.874245
-4.38597 -5.21269 -2.58538 0.436707 1.60497 0.920037 -0.144491  2.20344 0.877414
-4.3992 -5.22231 -2.58015 0.448185 1.60677 0.908793 -0.158038  2.20912 0.880604
-4.41252 -5.23198 -2.57487 0.459721 1.60852 0.897443 -0.171642  2.21487 0.883815
-4.42564 -5.24148 -2.56963 0.47108 1.6102 0.886216 -0.185028  2.22055 0.886981
-4.4391 -5.25122 -2.56421 0.482738 1.61186 0.874649 -0.198748  2.22641 0.890234
-4.45263 -5.26098 -2.55873 0.494459 1.61349 0.862971 -0.212529  2.23232 0.893508
-4.46624 -5.27079 -2.55318 0.506243 1.61508 0.851184 -0.226368  2.2383 0.896804
-4.4799 -5.2806 -2.54755 0.51809 1.61661 0.839284 -0.240262  2.24432 0.900118
-4.49363 -5.29045 -2.54185 0.530002 1.6181 0.827273 -0.254214  2.25039 0.903453
-4.50744 -5.30033 -2.53609 0.541979 1.61955 0.815152 -0.268224  2.25653 0.906809
-4.52131 -5.31023 -2.53025 0.554021 1.62096 0.802917 -0.282292  2.26272 0.910186
-4.53495 -5.31994 -2.52444 0.56588 1.62228 0.790821 -0.296126  2.26883 0.913512
-4.54894 -5.32987 -2.51844 0.578053 1.62359 0.778364 -0.310301  2.27512 0.916927
-4.563 -5.33984 -2.51236 0.590292 1.62486 0.765794 -0.324533  2.28147 0.920362
-4.57712 -5.34981 -2.5062 0.6026 1.62608 0.753109 -0.33882  2.28787 0.923817
-4.59129 -5.3598 -2.49995 0.614974 1.62725 0.74031 -0.353159  2.29432 0.92729
-4.60553 -5.36982 -2.49363 0.627414 1.62837 0.727399 -0.367554  2.30083 0.930783
-4.61982 -5.37983 -2.48721 0.639926 1.62944 0.714372 -0.382001  2.30738 0.934294
-4.63416 -5.38985 -2.4807 0.652504 1.63046 0.701229 -0.3965  2.31398 0.937823
-4.64825 -5.39966 -2.47423 0.664892 1.63141 0.688242 -0.41075  2.32049 0.941297
-4.66271 -5.4097 -2.46755 0.677604 1.63233 0.674873 -0.425348  2.32719 0.944862
-4.6772 -5.41973 -2.46076 0.69039 1.6332 0.66139 -0.439995  2.33394 0.948444
-4.69174 -5.42977 -2.45389 0.703241 1.63402 0.647789 -0.454691  2.34073 0.952043
-4.70633 -5.43979 -2.44692 0.716164 1.63478 0.634074 -0.469433  2.34757 0.955658
-4.72097 -5.44982 -2.43985 0.729152 1.63549 0.620244 -0.484223  2.35445 0.959291
-4.73563 -5.45983 -2.43267 0.742213 1.63615 0.606297 -0.499055  2.36137 0.962937
-4.75035 -5.46984 -2.4254 0.755339 1.63674 0.592233 -0.513933  2.36834 0.9666
-4.7648 -5.47963 -2.41817 0.768266 1.63727 0.578349 -0.528547  2.37521 0.970203
-4.77958 -5.4896 -2.41069 0.781532 1.63776 0.564061 -0.543506  2.38226 0.973894
-4.7944 -5.49955 -2.4031 0.794864 1.63819 0.549654 -0.558507  2.38934 0.9776
-4.80925 -5.50949 -2.3954 0.808265 1.63856 0.535137 -0.573542  2.39647 0.981319
-4.82412 -5.51939 -2.3876 0.821731 1.63887 0.520505 -0.588614  2.40363 0.985051
-4.83902 -5.52927 -2.37967 0.835267 1.63912 0.505759 -0.603721  2.41082 0.988795
-4.85393 -5.53911 -2.37164 0.848868 1.63931 0.4909 -0.618859  2.41803 0.99255
-4.86888 -5.54892 -2.36349 0.862534 1.63943 0.475928 -0.63403  2.42529 0.996318
-4.88352 -5.55849 -2.3554 0.875985 1.63949 0.46115 -0.648919  2.43242 1.00002
-4.89849 -5.56823 -2.34702 0.889778 1.63949 0.445959 -0.664142  2.43973 1.0038
-4.91347 -5.5779 -2.33852 0.903634 1.63942 0.430653 -0.679392  2.44706 1.0076
-4.92845 -5.58754 -2.3299 0.917554 1.63928 0.41524 -0.694663  2.45441 1.0114
-4.94343 -5.59712 -2.32116 0.931536 1.63908 0.399718 -0.709951  2.46178 1.01521
-4.95842 -5.60665 -2.3123 0.945575 1.6388 0.384085 -0.725261  2.46917 1.01903
-4.97342 -5.61612 -2.30331 0.959673 1.63846 0.368347 -0.740584  2.47658 1.02285
-4.98838 -5.62551 -2.29419 0.973831 1.63804 0.352505 -0.755916  2.48399 1.02668
-5.00335 -5.63485 -2.28495 0.988043 1.63755 0.336553 -0.771262  2.49142 1.03051
-5.01801 -5.64394 -2.27578 1.00202 1.63701 0.320833 -0.786299  2.49871 1.03427
-5.03295 -5.65314 -2.26629 1.01634 1.63637 0.304681 -0.801654  2.50615 1.03811
-5.04786 -5.66225 -2.25666 1.03071 1.63566 0.288431 -0.817005  2.51359 1.04195
-5.06277 -5.67129 -2.24691 1.04513 1.63488 0.272079 -0.83236  2.52104 1.04579
-5.07762 -5.68023 -2.23702 1.05959 1.63401 0.255632 -0.847702  2.52847 1.04963
-5.09246 -5.68909 -2.22701 1.07411 1.63307 0.239091 -0.863038  2.53591 1.05347
-5.10727 -5.69787 -2.21687 1.08866 1.63204 0.222452 -0.878364  2.54335 1.05731
-5.12203 -5.70654 -2.20659 1.10326 1.63093 0.205726 -0.89367  2.55076 1.06115
-5.13645 -5.71494 -2.1964 1.11759 1.62977 0.189253 -0.908647  2.55801 1.0649
-5.15112 -5.72341 -2.18586 1.13226 1.62849 0.172353 -0.92391  2.5654 1.06872
-5.16575 -5.73178 -2.17519 1.14697 1.62714 0.15537 -0.939145  2.57277 1.07254
-5.18032 -5.74004 -2.16439 1.1617 1.62569 0.138302 -0.95435  2.58012 1.07635
-5.19483 -5.74817 -2.15345 1.17647 1.62416 0.121153 -0.969517  2.58742 1.08016
-5.20926 -5.75617 -2.14238 1.19126 1.62253 0.103931 -0.984642  2.5947 1.08395
-5.22366 -5.76408 -2.13119 1.20607 1.62082 0.0866319 -0.99973  2.60196 1.08774
-5.23796 -5.77185 -2.11985 1.2209 1.61902 0.0692637 -1.01476  2.60917 1.09151
-5.25191 -5.77934 -2.10863 1.23544 1.61717 0.0521834 -1.02944  2.6162 1.09519
-5.26607 -5.78686 -2.09705 1.25031 1.61518 0.0346839 -1.04437  2.62334 1.09894
-5.28016 -5.79424 -2.08533 1.26518 1.6131 0.0171173 -1.05924  2.63043 1.10267
-5.29415 -5.80148 -2.07349 1.28005 1.61093 -0.000501335 -1.07404  2.63746 1.10638
-5.30806 -5.80859 -2.06152 1.29494 1.60866 -0.0181791 -1.08877  2.64445 1.11008
-5.32187 -5.81554 -2.04943 1.30982 1.60629 -0.0359062 -1.10342  2.65138 1.11376
-5.3356 -5.82236 -2.03722 1.3247 1.60383 -0.0536827 -1.118  2.65826 1.11743
-5.34921 -5.82902 -2.02488 1.33956 1.60126 -0.0715067 -1.13249  2.66506 1.12107
-5.36246 -5.83541 -2.01267 1.35412 1.59865 -0.0890049 -1.1466  2.67167 1.12461
-5.37587 -5.84176 -2.0001 1.36897 1.59589 -0.106902 -1.1609  2.67834 1.12822
-5.38917 -5.84797 -1.9874 1.3838 1.59303 -0.124831 -1.17511  2.68495 1.13179
-5.40236 -5.854 -1.9746 1.3986 1.59006 -0.142792 -1.18921  2.69148 1.13534
-5.41544 -5.85989 -1.96168 1.41338 1.58699 -0.160776 -1.20321  2.69793 1.13887
-5.4284 -5.86561 -1.94865 1.42813 1.58382 -0.178784 -1.21709  2.7043 1.14237
-5.44124 -5.87117 -1.93552 1.44284 1.58055 -0.196804 -1.23086  2.71059 1.14585
-5.45395 -5.87656 -1.92228 1.45752 1.57717 -0.214837 -1.24449  2.71679 1.1493
-5.46627 -5.88167 -1.90921 1.47186 1.57376 -0.232513 -1.25773  2.72278 1.15265
-5.47873 -5.88673 -1.89577 1.48645 1.57018 -0.25056 -1.27111  2.72881 1.15604
-5.49106 -5.89163 -1.88223 1.50099 1.5665 -0.268602 -1.28436  2.73474 1.15941
-5.50325 -5.89634 -1.8686 1.51547 1.5627 -0.286644 -1.29746  2.74057 1.16274
-5.51532 -5.9009 -1.85488 1.52991 1.5588 -0.304675 -1.31041  2.74632 1.16604
-5.52724 -5.90527 -1.84108 1.54427 1.5548 -0.322693 -1.32322  2.75196 1.16931
-5.53902 -5.90947 -1.82718 1.55858 1.55069 -0.34069 -1.33587  2.75749 1.17254
-5.55065 -5.9135 -1.81321 1.57281 1.54648 -0.358665 -1.34835  2.76291 1.17575
-5.56193 -5.91729 -1.79945 1.58668 1.54225 -0.376248 -1.36043  2.76814 1.17886
-5.5733 -5.92099 -1.78533 1.60077 1.53783 -0.394165 -1.37259  2.77337 1.182
-5.58452 -5.92451 -1.77114 1.61478 1.53331 -0.412046 -1.38457  2.77848 1.1851
-5.59559 -5.92786 -1.75688 1.6287 1.52868 -0.429885 -1.39638  2.78349 1.18817
-5.60652 -5.93104 -1.74256 1.64253 1.52394 -0.447681 -1.40801  2.78837 1.19121
-5.61732 -5.93408 -1.72819 1.65628 1.51911 -0.465426 -1.41945  2.79317 1.19421
-5.62796 -5.93692 -1.71376 1.66994 1.51417 -0.483117 -1.43071  2.79784 1.19718
-5.63845 -5.9396 -1.69927 1.68349 1.50913 -0.500751 -1.44177  2.8024 1.20011
-5.6486 -5.94208 -1.68504 1.69666 1.5041 -0.517966 -1.45242  2.80676 1.20295
-5.65882 -5.94445 -1.67047 1.71001 1.49886 -0.535472 -1.4631  2.8111 1.20582
-5.66888 -5.94664 -1.65585 1.72326 1.49352 -0.552907 -1.47357  2.81532 1.20864
-5.67882 -5.94869 -1.64121 1.7364 1.48808 -0.57027 -1.48384  2.81944 1.21144
-5.68859 -5.95059 -1.62653 1.74942 1.48255 -0.587554 -1.4939  2.82343 1.2142
-5.69823 -5.95231 -1.61182 1.76232 1.47691 -0.604754 -1.50375  2.8273 1.21692
-5.70774 -5.95392 -1.59709 1.77512 1.47119 -0.621872 -1.5134  2.83109 1.21962
-5.7171 -5.95534 -1.58234 1.78779 1.46536 -0.638899 -1.52282  2.83475 1.22228
-5.72615 -5.95661 -1.56788 1.80008 1.45956 -0.655488 -1.53185  2.83823 1.22485
-5.73525 -5.95777 -1.5531 1.81251 1.45355 -0.672328 -1.54084  2.84167 1.22744
-5.7442 -5.95878 -1.53831 1.8248 1.44745 -0.689065 -1.54962  2.845 1.23
-5.75304 -5.95966 -1.52352 1.83698 1.44126 -0.705703 -1.55817  2.84823 1.23253
-5.76173 -5.96039 -1.50872 1.84901 1.43498 -0.722233 -1.5665  2.85134 1.23503
-5.77031 -5.96101 -1.49392 1.86092 1.42861 -0.738654 -1.5746  2.85436 1.2375
-5.77875 -5.96149 -1.47914 1.87269 1.42216 -0.754962 -1.58248  2.85726 1.23993
-5.78706 -5.96184 -1.46435 1.88433 1.41562 -0.771154 -1.59013  2.86006 1.24234
-5.7951 -5.96208 -1.44989 1.8956 1.40913 -0.786905 -1.59741  2.86271 1.24467
-5.80319 -5.96221 -1.43513 1.90697 1.40242 -0.802862 -1.6046  2.86532 1.24702
-5.81114 -5.9622 -1.42039 1.91819 1.39563 -0.818698 -1.61157  2.86782 1.24934
-5.819 -5.9621 -1.40568 1.92927 1.38877 -0.834408 -1.6183  2.87023 1.25164
-5.82675 -5.9619 -1.39099 1.94022 1.38182 -0.849992 -1.62481  2.87256 1.25391
-5.83438 -5.96159 -1.37632 1.95102 1.3748 -0.865446 -1.63108  2.87478 1.25615
-5.84189 -5.96116 -1.36169 1.96168 1.3677 -0.880767 -1.63712  2.87691 1.25838
-5.84934 -5.96067 -1.34709 1.9722 1.36053 -0.895959 -1.64294  2.87897 1.26058
-5.85651 -5.96006 -1.33282 1.98236 1.35343 -0.910706 -1.6484  2.88088 1.26271
-5.86372 -5.95936 -1.31828 1.99259 1.34611 -0.925625 -1.65376  2.88275 1.26486
-5.87087 -5.95859 -1.3038 2.00268 1.33872 -0.940407 -1.65888  2.88455 1.267
-5.8779 -5.95771 -1.28934 2.01261 1.33126 -0.955048 -1.66377  2.88626 1.26911
-5.88485 -5.95676 -1.27494 2.02241 1.32373 -0.969549 -1.66843  2.8879 1.27121
-5.89171 -5.95573 -1.26058 2.03205 1.31614 -0.983905 -1.67286  2.88945 1.27328
-5.89848 -5.95462 -1.24627 2.04155 1.30848 -0.998117 -1.67705  2.89093 1.27534
-5.90496 -5.95322 -1.23195 2.05083 1.30069 -1.01215 -1.68094  2.89217 1.27736
-5.91117 -5.95171 -1.21796 2.05976 1.29299 -1.02574 -1.68451  2.89327 1.27931
-5.91744 -5.95012 -1.20374 2.06873 1.28507 -1.03948 -1.68793  2.89432 1.28129
-5.92363 -5.94846 -1.18957 2.07755 1.27709 -1.05306 -1.69112  2.8953 1.28326
-5.92975 -5.94674 -1.17547 2.08623 1.26905 -1.06648 -1.69408  2.89622 1.28521
-5.93583 -5.94499 -1.16142 2.09476 1.26096 -1.07976 -1.69682  2.8971 1.28716
-5.94183 -5.94317 -1.14744 2.10314 1.25281 -1.09288 -1.69933  2.89791 1.28909
-5.94777 -5.9413 -1.13352 2.11138 1.2446 -1.10585 -1.70162  2.89866 1.29101
-5.95364 -5.93939 -1.11967 2.11948 1.23635 -1.11867 -1.70369  2.89935 1.29292
-5.95935 -5.93747 -1.10616 2.12727 1.22821 -1.13107 -1.70551  2.89999 1.29479
-5.96511 -5.93546 -1.09243 2.13507 1.21985 -1.14358 -1.70714  2.90058 1.29669
-5.97079 -5.93339 -1.07877 2.14273 1.21143 -1.15593 -1.70854  2.90109 1.29858
-5.97603 -5.93088 -1.0651 2.15008 1.20286 -1.16804 -1.70956  2.90124 1.30041
-5.98121 -5.92832 -1.05149 2.15729 1.19424 -1.17999 -1.71036  2.90133 1.30224
-5.98633 -5.9257 -1.03795 2.16435 1.18557 -1.19177 -1.71094  2.90137 1.30406
-5.9914 -5.92306 -1.0245 2.17127 1.17686 -1.20339 -1.7113  2.90137 1.30588
-5.99645 -5.92041 -1.01111 2.17804 1.1681 -1.21486 -1.71145  2.90133 1.3077
-6.00135 -5.91779 -0.998076 2.18454 1.15949 -1.22593 -1.7114  2.90126 1.30948
-6.00634 -5.9151 -0.984848 2.19104 1.15065 -1.23708 -1.71114  2.90117 1.31131
-6.01129 -5.91238 -0.971694 2.1974 1.14177 -1.24806 -1.71066  2.90103 1.31313
-6.01621 -5.90965 -0.95862 2.20362 1.13286 -1.25889 -1.70999  2.90086 1.31495
-6.02112 -5.90693 -0.945628 2.20971 1.12392 -1.26956 -1.70911  2.90069 1.31678
-6.02602 -5.9042 -0.932716 2.21567 1.11493 -1.28008 -1.70804  2.9005 1.31861
-6.03088 -5.90145 -0.919881 2.22149 1.10591 -1.29043 -1.70676  2.90026 1.32045
-6.03574 -5.89871 -0.90713 2.22717 1.09686 -1.30062 -1.70528  2.90002 1.32229
-6.04049 -5.89603 -0.894716 2.23262 1.08796 -1.31046 -1.70366  2.89978 1.32411
-6.04535 -5.89331 -0.882126 2.23806 1.07885 -1.32035 -1.7018  2.89953 1.32597
-6.05019 -5.89058 -0.869617 2.24336 1.0697 -1.33008 -1.69975  2.89925 1.32784
-6.05504 -5.88787 -0.85719 2.24854 1.06053 -1.33965 -1.69752  2.89898 1.32972
-6.05989 -5.88518 -0.844844 2.25359 1.05132 -1.34907 -1.6951  2.8987 1.33161
-6.06474 -5.88249 -0.832584 2.25852 1.04209 -1.35834 -1.6925  2.89842 1.33352
-6.0696 -5.87981 -0.820401 2.26332 1.03284 -1.36745 -1.68971  2.89813 1.33543
-6.07446 -5.87715 -0.8083 2.268 1.02355 -1.3764 -1.68673  2.89784 1.33736
-6.07922 -5.87456 -0.796528 2.27246 1.01443 -1.38502 -1.68364  2.89755 1.33927
-6.08412 -5.87195 -0.784593 2.27691 1.0051 -1.39367 -1.68031  2.89728 1.34123
-6.08902 -5.86935 -0.772739 2.28123 0.995735 -1.40217 -1.67681  2.897 1.3432
-6.09392 -5.86677 -0.760968 2.28542 0.986349 -1.41051 -1.67313  2.89672 1.34519
-6.09885 -5.86422 -0.749279 2.2895 0.976943 -1.4187 -1.66927  2.89645 1.3472
-6.10381 -5.8617 -0.737674 2.29347 0.967518 -1.42674 -1.66524  2.8962 1.34923
-6.1088 -5.85923 -0.726151 2.29733 0.958078 -1.43463 -1.66105  2.89597 1.35127
-6.11379 -5.85675 -0.714708 2.30106 0.948605 -1.44237 -1.65668  2.89573 1.35333
-6.11872 -5.85439 -0.703582 2.30462 0.939316 -1.4498 -1.65225  2.89554 1.35538
-6.12378 -5.85199 -0.692305 2.30812 0.929809 -1.45724 -1.64755  2.89534 1.35748
-6.12886 -5.84964 -0.681111 2.31152 0.920287 -1.46452 -1.64269  2.89516 1.35961
-6.13397 -5.84731 -0.669999 2.3148 0.910743 -1.47166 -1.63766  2.89499 1.36176
-6.13912 -5.84504 -0.658971 2.31798 0.901186 -1.47864 -1.63247  2.89486 1.36393
-6.14431 -5.8428 -0.648026 2.32105 0.891613 -1.48548 -1.62712  2.89474 1.36612
-6.14954 -5.84059 -0.637161 2.32401 0.882021 -1.49216 -1.62162  2.89465 1.36834
-6.1548 -5.83844 -0.626383 2.32686 0.87242 -1.4987 -1.61595  2.89458 1.37059
-6.15998 -5.83635 -0.615903 2.32953 0.862993 -1.50495 -1.61024  2.89453 1.37281
-6.16534 -5.83431 -0.605292 2.33218 0.853368 -1.51119 -1.60428  2.89453 1.37511
-6.17072 -5.83228 -0.594758 2.33471 0.843729 -1.51727 -1.59814  2.89454 1.37743
-6.17615 -5.83031 -0.584311 2.33713 0.834069 -1.52321 -1.59185  2.89458 1.37978
-6.18163 -5.82838 -0.573948 2.33944 0.824403 -1.529 -1.58541  2.89466 1.38216
-6.18716 -5.82652 -0.56367 2.34166 0.814727 -1.53464 -1.57882  2.89477 1.38457
-6.19276 -5.82472 -0.553478 2.34378 0.805048 -1.54012 -1.57209  2.89493 1.38701
-6.19839 -5.82296 -0.543368 2.34579 0.795355 -1.54546 -1.5652  2.89511 1.38948
-6.20396 -5.82129 -0.533547 2.34765 0.78585 -1.55054 -1.5583  2.89532 1.39193
-6.2097 -5.81965 -0.523606 2.34945 0.776144 -1.55558 -1.55111  2.89558 1.39446
-6.21551 -5.81807 -0.513755 2.35116 0.766433 -1.56046 -1.54378  2.89588 1.39702
-6.22136 -5.81654 -0.503984 2.35276 0.756713 -1.5652 -1.5363  2.89622 1.39962
-6.2273 -5.8151 -0.494306 2.35427 0.746992 -1.56978 -1.52868  2.89661 1.40225
