0 0 0 0 0 0 0 0  1 1
0 0 0 0 0 0 0 0  1 1
-8.5837e-06 -1.45506e-05 -1.87846e-05 -2.22244e-05 -2.51971e-05 -2.78635e-05 -3.02855e-05 -3.25361e-05  1 0.999958
-1.90767e-05 -3.27416e-05 -4.22684e-05 -5.00095e-05 -5.67009e-05 -6.26903e-05 -6.81438e-05 -7.31995e-05  1 0.999906
-3.38656e-05 -5.82138e-05 -7.5151e-05 -8.89132e-05 -0.00010081 -0.000111449 -0.000121143 -0.000130122  1 0.999833
-5.22382e-05 -9.02307e-05 -0.000116481 -0.000137808 -0.000156243 -0.000172721 -0.000187741 -0.000201642  1 0.99974
-7.53912e-05 -0.000130132 -0.000167986 -0.000198737 -0.000225315 -0.000249062 -0.000270707 -0.000290733  1 0.999626
-0.000102614 -0.000177334 -0.000228911 -0.000270803 -0.000307004 -0.000339338 -0.000368808 -0.00039606  1 0.99949
-0.000134153 -0.000231844 -0.000299264 -0.000354013 -0.000401317 -0.000443551 -0.000482038 -0.000517612  1 0.999334
-0.000169775 -0.000293672 -0.000379058 -0.000448378 -0.000508261 -0.000561705 -0.000610395 -0.000655377  1 0.999156
-0.000209726 -0.000362832 -0.000468304 -0.000553909 -0.000627843 -0.000693799 -0.000753873 -0.00080934  1 0.998958
-0.000254017 -0.000439335 -0.000567019 -0.000670619 -0.000760074 -0.000839839 -0.000912466 -0.000979486  1 0.998739
-0.000302419 -0.000523196 -0.000675215 -0.000798521 -0.000904962 -0.000999826 -0.00108617 -0.00116579  1 0.998499
-0.000353981 -0.000612496 -0.000790416 -0.000934679 -0.00105918 -0.00117007 -0.00127097 -0.00136396  1 0.998243
-0.000410875 -0.000710971 -0.00091744 -0.00108478 -0.00122915 -0.00135768 -0.00147456 -0.00158221  1 0.997962
-0.000472153 -0.000816855 -0.001054 -0.00124613 -0.00141182 -0.00155925 -0.00169325 -0.00181656  1 0.997659
-0.000537591 -0.000930169 -0.00120013 -0.00141874 -0.0016072 -0.00177478 -0.00192701 -0.00206698  1 0.997335
-0.000607442 -0.00105093 -0.00135584 -0.00160262 -0.0018153 -0.00200427 -0.00217585 -0.00233346  1 0.996991
-0.000681723 -0.00117917 -0.00152115 -0.00179781 -0.00203614 -0.00224774 -0.00243975 -0.00261596  1 0.996626
-0.000760209 -0.00131491 -0.00169611 -0.00200433 -0.00226972 -0.00250518 -0.0027187 -0.00291446  1 0.996239
-0.000843157 -0.00145816 -0.00188073 -0.0022222 -0.00251609 -0.00277661 -0.0030127 -0.00322891  1 0.995833
-0.000928412 -0.00160582 -0.00207098 -0.00244665 -0.00276982 -0.00305606 -0.00331527 -0.0035524  1 0.995413
-0.0010201 -0.00176404 -0.00227481 -0.00268706 -0.00304151 -0.00335518 -0.00363901 -0.00389836  1 0.994965
-0.00111607 -0.00192988 -0.00248841 -0.0029389 -0.00332604 -0.0036683 -0.00397777 -0.00426018  1 0.994496
-0.00121658 -0.00210335 -0.00271179 -0.00320221 -0.00362342 -0.00399543 -0.00433151 -0.00463782  1 0.994005
-0.00132142 -0.0022845 -0.002945 -0.00347701 -0.00393366 -0.00433658 -0.00470025 -0.00503124  1 0.993495
-0.00143108 -0.00247334 -0.00318808 -0.00376333 -0.00425681 -0.00469174 -0.00508395 -0.00544041  1.00001 0.992963
-0.00154487 -0.00266992 -0.00344105 -0.00406121 -0.00459288 -0.00506093 -0.00548262 -0.00586528  1.00001 0.99241
-0.00166331 -0.00287428 -0.00370396 -0.00437068 -0.00494188 -0.00544417 -0.00589622 -0.00630581  1.00001 0.991836
-0.00178394 -0.00308204 -0.00397119 -0.00468511 -0.00529635 -0.00583319 -0.00631586 -0.00675248  1.00001 0.991254
-0.00191147 -0.0033019 -0.0042539 -0.00501764 -0.00567106 -0.00624423 -0.006759 -0.00722386  1.00001 0.990639
-0.00204373 -0.00352965 -0.00454669 -0.00536187 -0.00605881 -0.00666934 -0.00721704 -0.00771077  1.00001 0.990004
-0.00218048 -0.00376533 -0.00484959 -0.00571785 -0.0064596 -0.00710851 -0.00768997 -0.00821314  1.00001 0.989347
-0.00232201 -0.00400898 -0.00516265 -0.00608562 -0.00687349 -0.00756177 -0.00817776 -0.00873094  1.00001 0.988669
-0.00246811 -0.00426066 -0.00548592 -0.00646522 -0.00730048 -0.00802912 -0.00868039 -0.00926409  1.00001 0.987971
-0.00261904 -0.0045204 -0.00581945 -0.00685669 -0.00774063 -0.00851057 -0.00919786 -0.00981255  1.00002 0.987252
-0.00277483 -0.00478825 -0.0061633 -0.00726009 -0.00819396 -0.00900613 -0.00973014 -0.0103763  1.00002 0.986512
-0.00293203 -0.00505855 -0.00651018 -0.00766685 -0.00865085 -0.00950528 -0.0102659 -0.0109432  1.00002 0.985767
-0.00309717 -0.0053426 -0.0068746 -0.00809397 -0.00913037 -0.0100288 -0.0108275 -0.011537  1.00002 0.984986
-0.00326728 -0.00563493 -0.0072495 -0.00853318 -0.00962318 -0.0105665 -0.0114038 -0.0121458  1.00003 0.984184
-0.00344239 -0.00593556 -0.00763493 -0.00898449 -0.0101293 -0.0111183 -0.0119948 -0.0127696  1.00003 0.983362
-0.0036223 -0.00624455 -0.00803096 -0.00944796 -0.0106488 -0.0116843 -0.0126006 -0.0134084  1.00003 0.982518
-0.00380729 -0.00656197 -0.00843764 -0.00992366 -0.0111817 -0.0122646 -0.013221 -0.0140621  1.00003 0.981654
-0.00399717 -0.00688787 -0.00885504 -0.0104116 -0.011728 -0.0128589 -0.0138561 -0.0147307  1.00004 0.98077
-0.0041922 -0.0072223 -0.00928321 -0.010912 -0.0122878 -0.0134676 -0.0145059 -0.015414  1.00004 0.979864
-0.00438831 -0.00755824 -0.00971317 -0.0114141 -0.0128493 -0.0140775 -0.0151567 -0.0160975  1.00004 0.978957
-0.00459351 -0.00790975 -0.0101629 -0.011939 -0.0134359 -0.0147143 -0.0158354 -0.0168098  1.00005 0.978011
-0.00480375 -0.00826998 -0.0106236 -0.0124764 -0.0140362 -0.0153654 -0.0165287 -0.0175367  1.00005 0.977043
-0.0050193 -0.00863897 -0.0110953 -0.0130264 -0.0146501 -0.0160307 -0.0172367 -0.018278  1.00006 0.976056
-0.00524 -0.00901682 -0.0115782 -0.013589 -0.0152777 -0.0167103 -0.0179591 -0.0190338  1.00006 0.975047
-0.00546608 -0.00940358 -0.0120723 -0.0141643 -0.015919 -0.0174042 -0.0186961 -0.0198039  1.00007 0.974018
-0.00569761 -0.00979931 -0.0125776 -0.0147524 -0.0165741 -0.0181125 -0.0194476 -0.0205882  1.00007 0.972968
-0.00593443 -0.0102041 -0.0130942 -0.0153533 -0.0172431 -0.0188351 -0.0202135 -0.0213868  1.00008 0.971898
-0.00617178 -0.0106095 -0.0136115 -0.0159545 -0.0179119 -0.0195568 -0.0209778 -0.0221827  1.00009 0.97083
-0.00641945 -0.0110324 -0.0141508 -0.016581 -0.0186084 -0.0203078 -0.0217724 -0.0230091  1.00009 0.969719
-0.00667253 -0.0114645 -0.0147017 -0.0172206 -0.0193189 -0.0210732 -0.0225813 -0.0238495  1.0001 0.968588
-0.00693131 -0.011906 -0.0152643 -0.0178733 -0.0200435 -0.0218531 -0.0234047 -0.0247037  1.00011 0.967436
-0.00719581 -0.0123569 -0.0158387 -0.0185391 -0.0207822 -0.0226473 -0.0242424 -0.0255717  1.00011 0.966263
-0.00746589 -0.0128173 -0.0164248 -0.0192183 -0.021535 -0.0234561 -0.0250944 -0.0264534  1.00012 0.96507
-0.00774179 -0.0132872 -0.0170229 -0.0199108 -0.0223021 -0.0242793 -0.0259607 -0.0273487  1.00013 0.963857
-0.00802334 -0.0137668 -0.017633 -0.0206167 -0.0230834 -0.025117 -0.0268413 -0.0282576  1.00014 0.962623
-0.0083049 -0.014246 -0.0182424 -0.0213213 -0.0238627 -0.0259517 -0.0277178 -0.029161  1.00015 0.961395
-0.00859815 -0.0147449 -0.0188765 -0.022054 -0.0246724 -0.0268181 -0.0286266 -0.0300965  1.00016 0.960121
-0.0088972 -0.0152537 -0.0195229 -0.0228004 -0.0254966 -0.0276992 -0.0295497 -0.0310452  1.00017 0.958826
-0.00920237 -0.0157724 -0.0201816 -0.0235606 -0.0263354 -0.0285948 -0.0304869 -0.0320071  1.00018 0.957512
-0.00951373 -0.0163012 -0.0208528 -0.0243345 -0.0271887 -0.029505 -0.0314382 -0.0329821  1.00019 0.956177
-0.00983107 -0.0168402 -0.0215366 -0.0251224 -0.0280566 -0.0304299 -0.0324038 -0.0339702  1.0002 0.954821
-0.0101547 -0.0173894 -0.022233 -0.0259243 -0.0289393 -0.0313695 -0.0333834 -0.0349712  1.00022 0.953446
-0.0104844 -0.0179489 -0.0229422 -0.0267404 -0.0298367 -0.0323238 -0.0343771 -0.035985  1.00023 0.95205
-0.0108135 -0.0185071 -0.0236493 -0.0275535 -0.0307302 -0.0332728 -0.0353641 -0.0369905  1.00024 0.950663
-0.0111556 -0.0190873 -0.0243841 -0.0283977 -0.0316571 -0.0342562 -0.0363856 -0.0380294  1.00026 0.949228
-0.0115045 -0.0196781 -0.0251319 -0.0292562 -0.0325989 -0.0352544 -0.0374211 -0.039081  1.00027 0.947772
-0.0118597 -0.0202796 -0.0258928 -0.0301293 -0.0335558 -0.0362674 -0.0384706 -0.0401449  1.00029 0.946297
-0.0122213 -0.0208919 -0.0266671 -0.031017 -0.0345279 -0.0372952 -0.039534 -0.0412213  1.0003 0.944801
-0.0125896 -0.021515 -0.0274547 -0.0319192 -0.0355151 -0.0383379 -0.0406114 -0.04231  1.00032 0.943286
-0.0129645 -0.0221492 -0.0282558 -0.0328363 -0.0365176 -0.0393955 -0.0417026 -0.0434108  1.00034 0.941751
-0.0133462 -0.0227944 -0.0290706 -0.0337683 -0.0375354 -0.040468 -0.0428078 -0.0445237  1.00036 0.940195
-0.0137267 -0.0234374 -0.029882 -0.0346958 -0.0385474 -0.0415332 -0.0439038 -0.0456256  1.00038 0.938652
-0.0141218 -0.0241049 -0.030724 -0.0356574 -0.0395959 -0.0426353 -0.0450364 -0.0467621  1.0004 0.937058
-0.0145239 -0.0247838 -0.03158 -0.0366343 -0.0406599 -0.0437526 -0.0461827 -0.0479105  1.00042 0.935443
-0.0149331 -0.0254742 -0.0324501 -0.0376265 -0.0417396 -0.0448848 -0.0473429 -0.0490706  1.00044 0.933809
-0.0153494 -0.0261762 -0.0333343 -0.0386341 -0.042835 -0.0460321 -0.0485168 -0.0502423  1.00046 0.932155
-0.0157725 -0.0268899 -0.0342328 -0.0396572 -0.0439463 -0.0471947 -0.0497044 -0.0514256  1.00048 0.930482
-0.0162031 -0.0276155 -0.0351458 -0.040696 -0.0450735 -0.0483723 -0.0509057 -0.0526202  1.00051 0.928789
-0.016641 -0.028353 -0.0360734 -0.0417505 -0.0462166 -0.0495652 -0.0521208 -0.0538261  1.00053 0.927077
-0.0170769 -0.0290871 -0.0369963 -0.0427989 -0.0473521 -0.0507486 -0.0533243 -0.0550183  1.00056 0.92538
-0.0175293 -0.0298486 -0.037953 -0.0438849 -0.0485272 -0.0519717 -0.0545663 -0.0562463  1.00058 0.92363
-0.0179891 -0.0306224 -0.0389247 -0.044987 -0.0497185 -0.0532102 -0.055822 -0.0574854  1.00061 0.921859
-0.0184566 -0.0314086 -0.0399115 -0.0461053 -0.0509263 -0.054464 -0.0570913 -0.0587354  1.00064 0.92007
-0.0189318 -0.0322072 -0.0409135 -0.04724 -0.0521504 -0.0557332 -0.0583741 -0.0599962  1.00067 0.918261
-0.0194145 -0.0330186 -0.0419308 -0.0483912 -0.0533911 -0.057018 -0.0596705 -0.0612677  1.0007 0.916433
-0.0199053 -0.0338428 -0.0429637 -0.0495589 -0.0546484 -0.0583181 -0.0609804 -0.0625499  1.00073 0.914587
-0.0204036 -0.0346797 -0.0440121 -0.0507434 -0.0559225 -0.0596339 -0.0623039 -0.0638426  1.00076 0.912721
-0.0208997 -0.0355123 -0.0450545 -0.05192 -0.0571869 -0.0609379 -0.0636134 -0.065119  1.00079 0.910875
-0.0214139 -0.0363752 -0.0461343 -0.0531379 -0.0584944 -0.0622846 -0.0649635 -0.0664323  1.00083 0.908971
-0.0219364 -0.0372514 -0.0472301 -0.054373 -0.0598189 -0.0636471 -0.0663271 -0.0677558  1.00086 0.907049
-0.022467 -0.0381409 -0.0483422 -0.0556254 -0.0611605 -0.0650252 -0.0677041 -0.0690894  1.0009 0.905107
-0.023006 -0.039044 -0.0494705 -0.0568951 -0.0625194 -0.0664191 -0.0690946 -0.0704331  1.00094 0.903148
-0.0235533 -0.0399608 -0.0506154 -0.0581824 -0.0638956 -0.0678289 -0.0704985 -0.0717867  1.00098 0.901169
-0.0241089 -0.0408914 -0.0517769 -0.0594872 -0.0652894 -0.0692546 -0.0719157 -0.0731502  1.00102 0.899172
-0.0246732 -0.0418359 -0.0529552 -0.06081 -0.0667006 -0.0706962 -0.0733463 -0.0745234  1.00106 0.897157
-0.0252342 -0.0427747 -0.0541259 -0.0621231 -0.0681002 -0.072124 -0.0747607 -0.0758779  1.0011 0.895165
-0.0258155 -0.0437473 -0.0553379 -0.0634815 -0.0695465 -0.0735974 -0.0762178 -0.0772702  1.00115 0.893112
-0.0264058 -0.0447341 -0.0565672 -0.0648582 -0.0710107 -0.0750869 -0.0776881 -0.0786719  1.00119 0.891042
-0.0270048 -0.0457355 -0.0578139 -0.0662532 -0.0724929 -0.0765926 -0.0791719 -0.080083  1.00124 0.888954
-0.0276127 -0.0467515 -0.0590782 -0.0676669 -0.0739933 -0.0781146 -0.0806689 -0.0815033  1.00128 0.886848
-0.0282298 -0.0477823 -0.0603602 -0.0690991 -0.075512 -0.0796529 -0.0821792 -0.0829329  1.00133 0.884723
-0.0288559 -0.0488281 -0.0616602 -0.0705504 -0.0770489 -0.0812076 -0.0837028 -0.0843716  1.00138 0.882581
-0.0294914 -0.0498889 -0.0629782 -0.0720205 -0.0786045 -0.0827786 -0.0852397 -0.0858191  1.00144 0.880421
-0.0301229 -0.0509428 -0.0642871 -0.0734793 -0.0801462 -0.0843337 -0.0867581 -0.087246  1.00149 0.878287
-0.0307769 -0.052034 -0.0656415 -0.0749877 -0.0817386 -0.0859375 -0.0883213 -0.0887111  1.00154 0.876092
-0.0314404 -0.0531407 -0.0670144 -0.0765155 -0.08335 -0.0875581 -0.0898977 -0.0901851  1.0016 0.873879
-0.0321136 -0.0542632 -0.0684062 -0.078063 -0.0849803 -0.0891953 -0.0914874 -0.0916677  1.00166 0.871648
-0.0327964 -0.0554014 -0.0698169 -0.0796304 -0.0866297 -0.0908492 -0.0930903 -0.0931589  1.00172 0.869401
-0.033489 -0.0565557 -0.0712468 -0.0812177 -0.0882985 -0.0925201 -0.0947066 -0.0946585  1.00178 0.867136
-0.0341916 -0.0577262 -0.072696 -0.0828253 -0.0899866 -0.094208 -0.096336 -0.0961665  1.00184 0.864853
-0.0349043 -0.058913 -0.0741648 -0.0844533 -0.0916943 -0.0959128 -0.0979787 -0.0976829  1.00191 0.862554
-0.0356121 -0.0600917 -0.0756226 -0.0860679 -0.0933862 -0.0975995 -0.0996007 -0.0991762  1.00197 0.860285
-0.0363448 -0.0613114 -0.0771305 -0.0877367 -0.095133 -0.0993382 -0.10127 -0.100709  1.00204 0.857951
-0.0370879 -0.062548 -0.0786585 -0.0894263 -0.0968997 -0.101094 -0.102952 -0.102249  1.00211 0.855602
-0.0378414 -0.0638017 -0.0802068 -0.0911372 -0.0986865 -0.102868 -0.104648 -0.103798  1.00218 0.853235
-0.0386053 -0.0650725 -0.0817756 -0.0928693 -0.100494 -0.104658 -0.106356 -0.105355  1.00225 0.850852
-0.0393802 -0.0663607 -0.0833651 -0.0946228 -0.102321 -0.106467 -0.108078 -0.106919  1.00233 0.848452
-0.0401656 -0.0676666 -0.0849755 -0.0963981 -0.104169 -0.108293 -0.109814 -0.108491  1.0024 0.846036
-0.0409618 -0.0689902 -0.0866069 -0.0981952 -0.106038 -0.110136 -0.111562 -0.110071  1.00248 0.843604
-0.0417525 -0.0703041 -0.0882258 -0.099977 -0.107889 -0.11196 -0.113288 -0.111626  1.00256 0.841205
-0.0425707 -0.0716634 -0.0898997 -0.101818 -0.109799 -0.113839 -0.115064 -0.113221  1.00264 0.83874
-0.0434001 -0.0730411 -0.0915952 -0.103682 -0.111731 -0.115736 -0.116852 -0.114823  1.00273 0.83626
-0.0442408 -0.0744371 -0.0933128 -0.105568 -0.113684 -0.117651 -0.118654 -0.116433  1.00281 0.833764
-0.0450929 -0.075852 -0.0950525 -0.107477 -0.115658 -0.119584 -0.120469 -0.11805  1.0029 0.831252
-0.0459567 -0.0772857 -0.0968146 -0.109409 -0.117654 -0.121536 -0.122298 -0.119674  1.00299 0.828724
-0.046832 -0.0787385 -0.0985993 -0.111364 -0.119672 -0.123506 -0.12414 -0.121306  1.00308 0.826181
-0.0477191 -0.0802106 -0.100407 -0.113343 -0.121713 -0.125494 -0.125996 -0.122945  1.00318 0.823622
-0.0485998 -0.0816716 -0.1022 -0.115305 -0.123733 -0.12746 -0.127827 -0.124557  1.00327 0.821101
-0.0495107 -0.0831826 -0.104054 -0.117332 -0.125817 -0.129486 -0.129709 -0.12621  1.00337 0.818512
-0.0504338 -0.0847136 -0.105931 -0.119382 -0.127924 -0.13153 -0.131605 -0.12787  1.00347 0.815908
-0.0513693 -0.0862646 -0.107832 -0.121457 -0.130054 -0.133594 -0.133515 -0.129537  1.00358 0.813289
-0.0523171 -0.0878361 -0.109757 -0.123557 -0.132207 -0.135677 -0.135439 -0.131211  1.00368 0.810656
-0.0532775 -0.0894281 -0.111706 -0.125682 -0.134383 -0.137778 -0.137376 -0.132892  1.00379 0.808007
-0.0542505 -0.0910409 -0.11368 -0.127832 -0.136582 -0.1399 -0.139326 -0.13458  1.0039 0.805344
-0.0552366 -0.0926748 -0.115679 -0.130007 -0.138805 -0.14204 -0.141291 -0.136274  1.00401 0.802667
-0.0562151 -0.094296 -0.117661 -0.132163 -0.141006 -0.144157 -0.143229 -0.137941  1.00413 0.80003
-0.0572269 -0.0959721 -0.119709 -0.134389 -0.143276 -0.146336 -0.145221 -0.139649  1.00424 0.797324
-0.0582521 -0.0976701 -0.121784 -0.136642 -0.145571 -0.148536 -0.147228 -0.141364  1.00437 0.794605
-0.0592905 -0.09939 -0.123884 -0.138921 -0.14789 -0.150756 -0.149248 -0.143085  1.00449 0.791871
-0.0603425 -0.101132 -0.12601 -0.141227 -0.150234 -0.152996 -0.151282 -0.144813  1.00461 0.789123
-0.0614084 -0.102897 -0.128163 -0.14356 -0.152602 -0.155257 -0.15333 -0.146548  1.00474 0.786362
-0.062488 -0.104684 -0.130342 -0.14592 -0.154996 -0.157538 -0.155393 -0.148289  1.00487 0.783587
-0.0635815 -0.106495 -0.132549 -0.148308 -0.157415 -0.15984 -0.15747 -0.150037  1.00501 0.780798
-0.0646895 -0.108328 -0.134783 -0.150724 -0.15986 -0.162162 -0.159562 -0.151792  1.00515 0.777996
-0.0657884 -0.110147 -0.136998 -0.153117 -0.16228 -0.164458 -0.161624 -0.153518  1.00528 0.775239
-0.0669247 -0.112027 -0.139287 -0.155589 -0.164777 -0.166823 -0.163744 -0.155286  1.00542 0.772411
-0.0680759 -0.113932 -0.141604 -0.15809 -0.167299 -0.169209 -0.165879 -0.15706  1.00557 0.76957
-0.0692416 -0.115861 -0.143949 -0.160619 -0.169849 -0.171616 -0.168029 -0.158841  1.00572 0.766716
-0.0704223 -0.117814 -0.146324 -0.163179 -0.172425 -0.174046 -0.170193 -0.160629  1.00587 0.763849
-0.0716184 -0.119792 -0.148728 -0.165767 -0.175028 -0.176497 -0.172372 -0.162424  1.00603 0.76097
-0.0728297 -0.121796 -0.151161 -0.168386 -0.177659 -0.178971 -0.174567 -0.164225  1.00618 0.758079
-0.0740563 -0.123825 -0.153625 -0.171036 -0.180317 -0.181467 -0.176776 -0.166033  1.00635 0.755175
-0.0752732 -0.125837 -0.156067 -0.173661 -0.182949 -0.183934 -0.178955 -0.167811  1.00651 0.752318
-0.0765314 -0.127918 -0.15859 -0.176371 -0.185663 -0.186475 -0.181195 -0.169632  1.00667 0.74939
-0.0778055 -0.130024 -0.161145 -0.179113 -0.188406 -0.189039 -0.183451 -0.171461  1.00684 0.74645
-0.0790956 -0.132158 -0.163731 -0.181886 -0.191178 -0.191626 -0.185722 -0.173296  1.00702 0.743498
-0.0804024 -0.134318 -0.166348 -0.184692 -0.193979 -0.194237 -0.188009 -0.175138  1.0072 0.740534
-0.0817258 -0.136506 -0.168998 -0.187531 -0.196809 -0.196871 -0.190311 -0.176987  1.00738 0.737559
-0.083066 -0.138722 -0.17168 -0.190402 -0.19967 -0.199529 -0.19263 -0.178844  1.00756 0.734572
-0.0844236 -0.140965 -0.174394 -0.193306 -0.20256 -0.202212 -0.194966 -0.180707  1.00775 0.731574
-0.0857699 -0.143191 -0.177086 -0.196184 -0.205422 -0.204864 -0.197269 -0.182539  1.00794 0.728626
-0.0871616 -0.145491 -0.179867 -0.199156 -0.208373 -0.207595 -0.199637 -0.184417  1.00814 0.725605
-0.088571 -0.14782 -0.182682 -0.202162 -0.211356 -0.210352 -0.202021 -0.186302  1.00834 0.722573
-0.0899983 -0.150179 -0.185532 -0.205203 -0.21437 -0.213134 -0.204423 -0.188195  1.00854 0.719531
-0.0914437 -0.152568 -0.188417 -0.208279 -0.217417 -0.215941 -0.206841 -0.190095  1.00875 0.716478
-0.0929075 -0.154987 -0.191337 -0.211392 -0.220495 -0.218774 -0.209277 -0.192003  1.00896 0.713414
-0.0943899 -0.157437 -0.194292 -0.21454 -0.223607 -0.221633 -0.211731 -0.193919  1.00918 0.710339
-0.0958912 -0.159918 -0.197285 -0.217725 -0.226752 -0.22452 -0.214202 -0.195842  1.0094 0.707254
-0.0973802 -0.162378 -0.200251 -0.220882 -0.229865 -0.227373 -0.21664 -0.197734  1.00962 0.704222
-0.0989195 -0.164922 -0.203317 -0.224141 -0.233077 -0.230312 -0.219147 -0.199674  1.00985 0.701116
-0.100478 -0.167497 -0.20642 -0.227438 -0.236323 -0.233279 -0.221672 -0.201622  1.01008 0.698001
-0.102057 -0.170106 -0.209561 -0.230774 -0.239604 -0.236274 -0.224216 -0.203579  1.01032 0.694875
-0.103656 -0.172748 -0.212742 -0.23415 -0.24292 -0.239297 -0.226779 -0.205544  1.01056 0.691739
-0.105275 -0.175423 -0.215961 -0.237565 -0.246272 -0.242349 -0.229361 -0.207518  1.01081 0.688594
-0.106915 -0.178133 -0.219221 -0.24102 -0.249661 -0.24543 -0.231963 -0.209501  1.01106 0.685438
-0.108576 -0.180877 -0.22252 -0.244516 -0.253086 -0.24854 -0.234585 -0.211493  1.01132 0.682273
-0.110224 -0.183599 -0.225792 -0.247981 -0.256478 -0.251615 -0.237172 -0.213454  1.01157 0.679163
-0.111927 -0.186413 -0.229174 -0.25156 -0.259978 -0.254785 -0.239833 -0.215465  1.01184 0.675979
-0.113652 -0.189263 -0.232598 -0.255181 -0.263516 -0.257985 -0.242515 -0.217486  1.01211 0.672786
-0.1154 -0.19215 -0.236064 -0.258845 -0.267093 -0.261217 -0.245218 -0.219517  1.01239 0.669583
-0.11717 -0.195074 -0.239574 -0.262554 -0.270709 -0.26448 -0.247943 -0.221558  1.01267 0.666371
-0.118963 -0.198036 -0.243128 -0.266306 -0.274366 -0.267774 -0.250689 -0.22361  1.01296 0.663149
-0.120779 -0.201036 -0.246726 -0.270104 -0.278063 -0.271102 -0.253458 -0.225673  1.01325 0.659919
-0.122618 -0.204075 -0.25037 -0.273948 -0.281802 -0.274463 -0.256248 -0.227747  1.01355 0.65668
-0.124443 -0.20709 -0.253984 -0.277758 -0.285505 -0.277787 -0.259004 -0.22979  1.01385 0.653497
-0.126331 -0.210208 -0.25772 -0.281694 -0.289327 -0.281215 -0.261841 -0.231887  1.01416 0.65024
-0.128242 -0.213367 -0.261503 -0.285679 -0.293193 -0.284677 -0.264701 -0.233996  1.01447 0.646973
-0.130179 -0.216567 -0.265335 -0.289712 -0.297102 -0.288175 -0.267586 -0.236117  1.0148 0.643698
-0.132142 -0.219809 -0.269216 -0.293794 -0.301056 -0.291709 -0.270495 -0.238252  1.01512 0.640415
-0.13413 -0.223093 -0.273146 -0.297927 -0.305056 -0.295279 -0.27343 -0.240399  1.01546 0.637121
-0.136144 -0.226421 -0.277127 -0.302111 -0.309101 -0.298886 -0.27639 -0.24256  1.0158 0.63382
-0.138185 -0.229794 -0.28116 -0.306348 -0.313194 -0.302531 -0.279376 -0.244735  1.01615 0.63051
-0.140211 -0.233141 -0.285161 -0.310549 -0.317249 -0.30614 -0.282327 -0.246879  1.01649 0.627259
-0.142306 -0.236603 -0.289298 -0.31489 -0.321437 -0.309862 -0.285367 -0.249083  1.01685 0.623931
-0.14443 -0.240111 -0.29349 -0.319287 -0.325675 -0.313624 -0.288434 -0.251302  1.01722 0.620595
-0.146582 -0.243666 -0.297736 -0.323739 -0.329963 -0.317427 -0.291531 -0.253537  1.01759 0.617251
-0.148763 -0.24727 -0.302039 -0.328248 -0.334302 -0.321271 -0.294656 -0.255788  1.01798 0.613897
-0.150973 -0.250923 -0.306399 -0.332815 -0.338694 -0.325158 -0.297812 -0.258056  1.01837 0.610535
-0.153214 -0.254625 -0.310816 -0.337441 -0.343139 -0.329088 -0.300998 -0.260342  1.01876 0.607164
-0.155486 -0.258379 -0.315294 -0.342126 -0.347638 -0.333063 -0.304215 -0.262645  1.01917 0.603785
-0.157741 -0.262105 -0.319738 -0.346776 -0.352099 -0.336999 -0.307398 -0.264919  1.01957 0.600466
-0.160075 -0.265962 -0.324336 -0.351584 -0.356709 -0.341064 -0.310679 -0.26726  1.01999 0.597069
-0.162441 -0.269873 -0.328997 -0.356455 -0.361376 -0.345175 -0.313994 -0.26962  1.02042 0.593663
-0.164841 -0.273838 -0.333722 -0.361391 -0.366103 -0.349335 -0.317344 -0.272002  1.02086 0.590249
-0.167274 -0.277859 -0.338511 -0.366393 -0.370889 -0.353543 -0.320729 -0.274404  1.0213 0.586825
-0.169741 -0.281937 -0.343368 -0.371463 -0.375736 -0.357802 -0.32415 -0.276828  1.02176 0.583393
-0.172244 -0.286073 -0.348292 -0.376602 -0.380647 -0.362113 -0.327609 -0.279276  1.02222 0.579951
-0.174783 -0.290269 -0.353286 -0.381811 -0.385622 -0.366476 -0.331106 -0.281747  1.0227 0.576501
-0.177305 -0.294438 -0.358247 -0.386983 -0.390558 -0.370803 -0.33457 -0.284191  1.02317 0.573111
-0.179917 -0.298755 -0.363383 -0.392336 -0.395664 -0.375274 -0.338146 -0.286712  1.02366 0.569642
-0.182567 -0.303135 -0.368593 -0.397764 -0.400838 -0.379802 -0.341764 -0.289258  1.02416 0.566163
-0.185257 -0.30758 -0.373878 -0.403269 -0.406083 -0.384388 -0.345425 -0.291833  1.02467 0.562675
-0.187986 -0.312091 -0.379241 -0.408853 -0.411399 -0.389034 -0.34913 -0.294435  1.0252 0.559176
-0.190756 -0.316671 -0.384683 -0.414517 -0.41679 -0.393741 -0.352881 -0.297068  1.02573 0.555668
-0.193567 -0.321319 -0.390206 -0.420264 -0.422256 -0.398511 -0.356679 -0.29973  1.02628 0.55215
-0.196422 -0.326038 -0.395812 -0.426095 -0.427799 -0.403345 -0.360525 -0.302425  1.02683 0.548621
-0.199261 -0.330731 -0.401386 -0.431892 -0.433306 -0.408146 -0.364341 -0.305097  1.02739 0.545154
-0.202203 -0.335596 -0.407163 -0.437897 -0.439009 -0.413114 -0.368287 -0.307859  1.02797 0.541603
-0.205192 -0.340537 -0.413029 -0.443993 -0.444796 -0.418152 -0.372287 -0.310657  1.02856 0.538042
-0.208227 -0.345557 -0.418987 -0.450183 -0.450669 -0.423263 -0.376342 -0.313492  1.02917 0.53447
-0.211312 -0.350656 -0.42504 -0.456469 -0.456631 -0.428449 -0.380454 -0.316366  1.02979 0.530886
-0.214446 -0.355839 -0.431189 -0.462854 -0.462684 -0.433711 -0.384625 -0.319281  1.03042 0.52729
-0.21763 -0.361106 -0.437437 -0.469341 -0.468831 -0.439053 -0.388856 -0.322238  1.03106 0.523682
-0.220868 -0.36646 -0.443788 -0.475932 -0.475074 -0.444476 -0.393151 -0.325239  1.03173 0.520061
-0.224092 -0.371791 -0.450111 -0.482493 -0.481287 -0.449871 -0.397422 -0.328223  1.03239 0.516501
-0.227438 -0.377326 -0.456673 -0.489301 -0.487732 -0.455465 -0.401849 -0.331317  1.03308 0.512854
-0.230841 -0.382955 -0.463347 -0.496223 -0.494282 -0.46115 -0.406347 -0.334461  1.03378 0.509193
-0.234303 -0.388682 -0.470135 -0.503263 -0.500942 -0.466928 -0.410918 -0.337658  1.03451 0.505518
-0.237826 -0.394509 -0.477042 -0.510425 -0.507716 -0.472803 -0.415564 -0.34091  1.03525 0.501828
-0.241411 -0.400441 -0.484072 -0.517713 -0.514606 -0.478778 -0.420291 -0.344218  1.036 0.498123
-0.245062 -0.40648 -0.491228 -0.52513 -0.521618 -0.484858 -0.425099 -0.347587  1.03678 0.494402
-0.248779 -0.41263 -0.498515 -0.532682 -0.528756 -0.491046 -0.429993 -0.351019  1.03757 0.490665
-0.252487 -0.418766 -0.505785 -0.540216 -0.535874 -0.497217 -0.434875 -0.354445  1.03837 0.486987
-0.256343 -0.425147 -0.513344 -0.548048 -0.543275 -0.503632 -0.439951 -0.35801  1.0392 0.483215
-0.260274 -0.431652 -0.521048 -0.556031 -0.550816 -0.510169 -0.445124 -0.361649  1.04006 0.479424
-0.264281 -0.438283 -0.528903 -0.564169 -0.558504 -0.516833 -0.450399 -0.365363  1.04094 0.475614
-0.268368 -0.445047 -0.536914 -0.572468 -0.566343 -0.523628 -0.45578 -0.369157  1.04184 0.471784
-0.272537 -0.451949 -0.545088 -0.580936 -0.57434 -0.530563 -0.461274 -0.373036  1.04276 0.467933
-0.276793 -0.458994 -0.553431 -0.589578 -0.582503 -0.53764 -0.466884 -0.377003  1.04371 0.46406
-0.281138 -0.466187 -0.56195 -0.598403 -0.590837 -0.54487 -0.472618 -0.381065  1.04468 0.460164
-0.285485 -0.473384 -0.570472 -0.607232 -0.599177 -0.552104 -0.478359 -0.385139  1.04566 0.456324
-0.290018 -0.48089 -0.579362 -0.616441 -0.607876 -0.559654 -0.484355 -0.389401  1.04669 0.452378
-0.294653 -0.488566 -0.588452 -0.625859 -0.616773 -0.567377 -0.490494 -0.393773  1.04775 0.448406
-0.294653 -0.488566 -0.588452 -0.625859 -0.616773 -0.567377 -0.490494 -0.393773  1.04775 0.448406
-0.304248 -0.504456 -0.607269 -0.645358 -0.635198 -0.583382 -0.503231 -0.402875  1.04997 0.440377
-0.309217 -0.512687 -0.617018 -0.655461 -0.644749 -0.591683 -0.509848 -0.407619  1.05112 0.436316
-0.314309 -0.521122 -0.627009 -0.665817 -0.65454 -0.600199 -0.516643 -0.412502  1.05232 0.432223
-0.319529 -0.529771 -0.637255 -0.67644 -0.664586 -0.608941 -0.523627 -0.417534  1.05355 0.428094
-0.324775 -0.538464 -0.647553 -0.687118 -0.674688 -0.617738 -0.530663 -0.422617  1.0548 0.424014
-0.330272 -0.547573 -0.658346 -0.698312 -0.685282 -0.62697 -0.538057 -0.427973  1.05611 0.41981
-0.335921 -0.556935 -0.669439 -0.70982 -0.696178 -0.636473 -0.545679 -0.433509  1.05747 0.415565
-0.34173 -0.566564 -0.680852 -0.721663 -0.707396 -0.646264 -0.553544 -0.439238  1.05888 0.411275
-0.34771 -0.576477 -0.692603 -0.733861 -0.718956 -0.656363 -0.561669 -0.445175  1.06034 0.406938
-0.353872 -0.586693 -0.704714 -0.746438 -0.730882 -0.666792 -0.570072 -0.451335  1.06186 0.402551
-0.360227 -0.597233 -0.717212 -0.75942 -0.7432 -0.677574 -0.578777 -0.457737  1.06343 0.39811
-0.366791 -0.608118 -0.730123 -0.772837 -0.755938 -0.688737 -0.587805 -0.464398  1.06507 0.393611
-0.373436 -0.619141 -0.7432 -0.786434 -0.768855 -0.700069 -0.596988 -0.471197  1.06674 0.389143
-0.380458 -0.630789 -0.757024 -0.800812 -0.782526 -0.712077 -0.606738 -0.478442  1.06852 0.384517
-0.387738 -0.642869 -0.771363 -0.815735 -0.796726 -0.724567 -0.616901 -0.48602  1.07038 0.379817
-0.395299 -0.655416 -0.786263 -0.831249 -0.811502 -0.73758 -0.627513 -0.493963  1.07233 0.37504
-0.403166 -0.668473 -0.801773 -0.847409 -0.826907 -0.751168 -0.63862 -0.502309  1.07437 0.370177
-0.411368 -0.682088 -0.817952 -0.864276 -0.843002 -0.765386 -0.650269 -0.511097  1.07651 0.365221
-0.419937 -0.696315 -0.834866 -0.881921 -0.859857 -0.7803 -0.66252 -0.520376  1.07877 0.360163
-0.428912 -0.711218 -0.852591 -0.900426 -0.877554 -0.795985 -0.675439 -0.530201  1.08116 0.354993
-0.43814 -0.726546 -0.87083 -0.919482 -0.895799 -0.812185 -0.688817 -0.540419  1.08363 0.349809
-0.44806 -0.743025 -0.890447 -0.939995 -0.915465 -0.829679 -0.703305 -0.551532  1.08632 0.344381
-0.458547 -0.760449 -0.911202 -0.961716 -0.936317 -0.848265 -0.718742 -0.563425  1.08918 0.338799
-0.469677 -0.778947 -0.933248 -0.984809 -0.958517 -0.868095 -0.735264 -0.576212  1.09225 0.333046
-0.481547 -0.798676 -0.956776 -1.00948 -0.982271 -0.889357 -0.753036 -0.59003  1.09555 0.327097
-0.494273 -0.819833 -0.982024 -1.03598 -1.00783 -0.912288 -0.772265 -0.605052  1.09913 0.320925
-0.508004 -0.842666 -1.00929 -1.06463 -1.03551 -0.937182 -0.793213 -0.621496  1.10303 0.314496
-0.522933 -0.867497 -1.03897 -1.09585 -1.06572 -0.964424 -0.816219 -0.639645  1.10732 0.307764
-0.538965 -0.894168 -1.07086 -1.12945 -1.0983 -0.993877 -0.841184 -0.659437  1.11198 0.300824
-0.553808 -0.918874 -1.10037 -1.16047 -1.12826 -1.02083 -0.863856 -0.677242  1.11627 0.294909
-0.556333 -0.923122 -1.10514 -1.16498 -1.13179 -1.023 -0.864474 -0.676476  1.11669 0.295155
-0.558858 -0.92737 -1.10989 -1.16948 -1.13529 -1.02514 -0.865042 -0.675659  1.11711 0.295402
-0.561383 -0.931613 -1.11464 -1.17395 -1.13876 -1.02722 -0.865557 -0.67479  1.11753 0.295652
-0.563907 -0.935853 -1.11938 -1.1784 -1.14219 -1.02927 -0.86602 -0.673869  1.11794 0.295904
-0.566431 -0.94009 -1.1241 -1.18283 -1.14558 -1.03126 -0.866431 -0.672897  1.11836 0.296158
-0.568955 -0.944323 -1.12882 -1.18723 -1.14894 -1.03321 -0.866788 -0.671871  1.11877 0.296416
-0.571427 -0.948468 -1.13342 -1.19153 -1.1522 -1.03508 -0.867088 -0.670818  1.11918 0.29667
-0.573952 -0.952697 -1.13812 -1.19589 -1.15549 -1.03694 -0.867342 -0.669691  1.11959 0.296932
-0.576476 -0.956923 -1.1428 -1.20023 -1.15875 -1.03875 -0.867543 -0.668512  1.12 0.297197
-0.579001 -0.961146 -1.14748 -1.20455 -1.16197 -1.04052 -0.867691 -0.667282  1.12041 0.297465
-0.581526 -0.965367 -1.15214 -1.20885 -1.16516 -1.04224 -0.867786 -0.666  1.12082 0.297735
-0.584051 -0.969585 -1.15679 -1.21312 -1.16831 -1.04391 -0.867827 -0.664666  1.12123 0.298008
-0.586578 -0.973802 -1.16144 -1.21738 -1.17142 -1.04554 -0.867815 -0.663281  1.12163 0.298284
-0.589106 -0.978017 -1.16607 -1.22161 -1.1745 -1.04711 -0.86775 -0.661844  1.12204 0.298563
-0.591634 -0.98223 -1.1707 -1.22582 -1.17754 -1.04864 -0.867631 -0.660355  1.12244 0.298844
-0.594112 -0.986354 -1.17522 -1.22992 -1.18049 -1.0501 -0.867462 -0.658847  1.12284 0.299123
-0.596643 -0.990564 -1.17982 -1.23408 -1.18346 -1.05153 -0.867238 -0.657257  1.12324 0.299411
-0.599175 -0.994771 -1.18442 -1.23823 -1.1864 -1.05292 -0.866959 -0.655616  1.12364 0.299702
-0.60171 -0.998979 -1.189 -1.24235 -1.1893 -1.05426 -0.866627 -0.653923  1.12404 0.299996
-0.604246 -1.00318 -1.19358 -1.24645 -1.19216 -1.05555 -0.86624 -0.652179  1.12444 0.300293
-0.606784 -1.00739 -1.19815 -1.25052 -1.19499 -1.05679 -0.8658 -0.650384  1.12484 0.300593
-0.609324 -1.01159 -1.20271 -1.25458 -1.19778 -1.05799 -0.865306 -0.648538  1.12524 0.300896
-0.611866 -1.0158 -1.20726 -1.25861 -1.20053 -1.05913 -0.864757 -0.646641  1.12564 0.301203
-0.614359 -1.01992 -1.21171 -1.26254 -1.2032 -1.06021 -0.864168 -0.644733  1.12603 0.301507
-0.616906 -1.02412 -1.21624 -1.26653 -1.20588 -1.06126 -0.863512 -0.642736  1.12643 0.301821
-0.619457 -1.02832 -1.22076 -1.27049 -1.20852 -1.06226 -0.862803 -0.640689  1.12683 0.302137
-0.62201 -1.03253 -1.22528 -1.27444 -1.21113 -1.06321 -0.862039 -0.638591  1.12723 0.302458
-0.624567 -1.03673 -1.22979 -1.27836 -1.2137 -1.06411 -0.861222 -0.636442  1.12762 0.302782
-0.627127 -1.04094 -1.23429 -1.28226 -1.21623 -1.06496 -0.860349 -0.634244  1.12802 0.303109
-0.629691 -1.04514 -1.23878 -1.28614 -1.21873 -1.06577 -0.859423 -0.631995  1.12842 0.30344
-0.632258 -1.04935 -1.24326 -1.29 -1.22119 -1.06652 -0.858443 -0.629698  1.12881 0.303775
-0.634777 -1.05347 -1.24765 -1.29375 -1.22357 -1.06721 -0.857431 -0.627398  1.1292 0.304106
-0.637353 -1.05769 -1.25212 -1.29757 -1.22595 -1.06787 -0.856344 -0.625002  1.1296 0.304448
-0.639933 -1.0619 -1.25659 -1.30136 -1.22831 -1.06848 -0.855203 -0.622557  1.12999 0.304794
-0.642519 -1.06612 -1.26105 -1.30513 -1.23062 -1.06904 -0.854008 -0.620062  1.13039 0.305144
-0.645109 -1.07034 -1.2655 -1.30888 -1.2329 -1.06955 -0.852759 -0.617519  1.13079 0.305497
-0.647704 -1.07456 -1.26994 -1.31261 -1.23514 -1.07001 -0.851456 -0.614927  1.13119 0.305854
-0.650305 -1.07878 -1.27438 -1.31632 -1.23734 -1.07042 -0.850099 -0.612287  1.13159 0.306216
-0.652911 -1.08301 -1.27882 -1.32001 -1.23951 -1.07078 -0.848689 -0.609598  1.13198 0.306581
-0.65547 -1.08716 -1.28316 -1.3236 -1.24159 -1.07108 -0.847256 -0.606917  1.13238 0.306942
-0.658089 -1.0914 -1.28758 -1.32725 -1.24369 -1.07134 -0.845739 -0.604133  1.13278 0.307315
-0.660714 -1.09564 -1.292 -1.33088 -1.24575 -1.07156 -0.844169 -0.601302  1.13318 0.307692
-0.663346 -1.09989 -1.29642 -1.33448 -1.24777 -1.07172 -0.842545 -0.598424  1.13358 0.308073
-0.665985 -1.10414 -1.30083 -1.33807 -1.24975 -1.07184 -0.840868 -0.595497  1.13398 0.308459
-0.66863 -1.1084 -1.30524 -1.34164 -1.2517 -1.0719 -0.839137 -0.592524  1.13439 0.308848
-0.671264 -1.11263 -1.3096 -1.34514 -1.25357 -1.07188 -0.83732 -0.589477  1.13478 0.309251
-0.673905 -1.11687 -1.31396 -1.34862 -1.2554 -1.0718 -0.835447 -0.586381  1.13518 0.309658
-0.676498 -1.12102 -1.31822 -1.35202 -1.25716 -1.07168 -0.833561 -0.583304  1.13558 0.310062
-0.679154 -1.12527 -1.32258 -1.35546 -1.25892 -1.0715 -0.831583 -0.580117  1.13598 0.310477
-0.68182 -1.12953 -1.32693 -1.35889 -1.26064 -1.07128 -0.829554 -0.576886  1.13638 0.310897
-0.684495 -1.13379 -1.33128 -1.3623 -1.26233 -1.07101 -0.827473 -0.573609  1.13679 0.311321
-0.687179 -1.13807 -1.33563 -1.36568 -1.26398 -1.07069 -0.825338 -0.570288  1.13719 0.31175
-0.689873 -1.14235 -1.33998 -1.36906 -1.2656 -1.07032 -0.823152 -0.566921  1.1376 0.312183
-0.692576 -1.14664 -1.34433 -1.37241 -1.26718 -1.06991 -0.820914 -0.56351  1.13801 0.31262
-0.695291 -1.15095 -1.34868 -1.37575 -1.26873 -1.06944 -0.818625 -0.560057  1.13843 0.313061
-0.69796 -1.15517 -1.35294 -1.379 -1.27022 -1.06894 -0.816332 -0.556629  1.13883 0.313498
-0.700696 -1.1595 -1.35729 -1.38231 -1.2717 -1.06838 -0.81394 -0.553089  1.13925 0.313948
-0.703443 -1.16383 -1.36164 -1.3856 -1.27314 -1.06777 -0.811497 -0.549505  1.13967 0.314402
-0.706202 -1.16818 -1.366 -1.38887 -1.27455 -1.06711 -0.809002 -0.545877  1.14009 0.314861
-0.708973 -1.17254 -1.37036 -1.39213 -1.27593 -1.06641 -0.806457 -0.542207  1.14052 0.315325
-0.711756 -1.17691 -1.37472 -1.39537 -1.27727 -1.06565 -0.80386 -0.538495  1.14094 0.315793
-0.714553 -1.1813 -1.37908 -1.39859 -1.27858 -1.06485 -0.801213 -0.534741  1.14137 0.316265
-0.717362 -1.1857 -1.38345 -1.4018 -1.27985 -1.064 -0.798516 -0.530945  1.14181 0.316742
-0.720126 -1.19002 -1.38773 -1.40493 -1.28107 -1.06312 -0.795823 -0.527186  1.14223 0.317213
-0.722962 -1.19445 -1.3921 -1.40812 -1.28228 -1.06218 -0.793027 -0.523308  1.14267 0.317699
-0.725813 -1.19889 -1.39648 -1.41129 -1.28345 -1.06118 -0.790179 -0.519389  1.14312 0.318189
-0.728677 -1.20335 -1.40087 -1.41444 -1.28459 -1.06014 -0.78728 -0.515429  1.14356 0.318684
-0.731556 -1.20782 -1.40526 -1.41758 -1.2857 -1.05906 -0.784333 -0.511429  1.14401 0.319184
-0.73445 -1.21232 -1.40965 -1.42071 -1.28677 -1.05792 -0.781335 -0.507388  1.14446 0.319688
-0.73736 -1.21682 -1.41406 -1.42382 -1.28782 -1.05674 -0.778287 -0.503308  1.14492 0.320197
-0.740285 -1.22135 -1.41847 -1.42692 -1.28883 -1.05551 -0.775189 -0.499187  1.14538 0.32071
-0.743167 -1.2258 -1.4228 -1.42995 -1.28978 -1.05426 -0.772108 -0.495113  1.14583 0.321218
-0.746125 -1.23036 -1.42722 -1.43302 -1.29073 -1.05294 -0.768913 -0.490915  1.1463 0.321741
-0.7491 -1.23494 -1.43166 -1.43609 -1.29164 -1.05157 -0.76567 -0.486679  1.14678 0.322268
-0.752092 -1.23955 -1.4361 -1.43914 -1.29253 -1.05015 -0.762376 -0.482404  1.14725 0.3228
-0.755101 -1.24417 -1.44055 -1.44219 -1.29337 -1.04868 -0.759033 -0.47809  1.14773 0.323337
-0.75813 -1.24881 -1.44502 -1.44522 -1.29419 -1.04717 -0.755644 -0.473739  1.14822 0.323878
-0.761176 -1.25347 -1.44949 -1.44824 -1.29498 -1.04562 -0.752205 -0.46935  1.14871 0.324424
-0.764241 -1.25816 -1.45398 -1.45125 -1.29573 -1.04401 -0.748716 -0.464923  1.14921 0.324975
-0.767262 -1.26277 -1.45838 -1.45419 -1.29644 -1.04239 -0.745253 -0.460551  1.1497 0.325519
-0.770367 -1.2675 -1.46289 -1.45719 -1.29714 -1.0407 -0.74167 -0.456052  1.1502 0.326079
-0.77349 -1.27225 -1.46741 -1.46017 -1.2978 -1.03895 -0.738039 -0.451515  1.15071 0.326644
-0.776634 -1.27703 -1.47195 -1.46314 -1.29843 -1.03717 -0.73436 -0.446943  1.15123 0.327214
-0.779798 -1.28183 -1.47649 -1.46611 -1.29903 -1.03533 -0.730632 -0.442333  1.15175 0.327788
-0.782984 -1.28666 -1.48105 -1.46906 -1.2996 -1.03345 -0.726857 -0.437688  1.15228 0.328368
-0.786192 -1.29151 -1.48563 -1.47201 -1.30014 -1.03152 -0.723035 -0.433007  1.15281 0.328951
-0.789422 -1.29639 -1.49022 -1.47496 -1.30065 -1.02954 -0.719166 -0.428292  1.15335 0.329539
-0.792607 -1.3012 -1.49473 -1.47783 -1.30112 -1.02757 -0.715329 -0.423639  1.15388 0.33012
-0.795882 -1.30613 -1.49936 -1.48076 -1.30158 -1.0255 -0.711366 -0.418853  1.15443 0.330718
-0.799179 -1.31109 -1.50399 -1.48368 -1.302 -1.02339 -0.707355 -0.414033  1.15499 0.33132
-0.802501 -1.31608 -1.50865 -1.4866 -1.30239 -1.02123 -0.703298 -0.40918  1.15555 0.331927
-0.805846 -1.3211 -1.51333 -1.48951 -1.30275 -1.01903 -0.699194 -0.404292  1.15613 0.332539
-0.809217 -1.32615 -1.51802 -1.49242 -1.30309 -1.01678 -0.695043 -0.39937  1.1567 0.333155
-0.812612 -1.33123 -1.52273 -1.49532 -1.30339 -1.01449 -0.690846 -0.394415  1.15729 0.333775
-0.816033 -1.33635 -1.52747 -1.49821 -1.30367 -1.01215 -0.686602 -0.389426  1.15788 0.3344
-0.819409 -1.34139 -1.53212 -1.50104 -1.30391 -1.00981 -0.682399 -0.384507  1.15847 0.335017
-0.822882 -1.34656 -1.5369 -1.50393 -1.30413 -1.00738 -0.678064 -0.379453  1.15907 0.335651
-0.826381 -1.35177 -1.54169 -1.50682 -1.30432 -1.00491 -0.673682 -0.374366  1.15969 0.33629
-0.829908 -1.35702 -1.54651 -1.5097 -1.30448 -1.00239 -0.669254 -0.369247  1.16031 0.336932
-0.833463 -1.3623 -1.55135 -1.51258 -1.30462 -0.999825 -0.664781 -0.364096  1.16094 0.337579
-0.837045 -1.36761 -1.55621 -1.51546 -1.30473 -0.997214 -0.66026 -0.358912  1.16157 0.338231
-0.840657 -1.37296 -1.5611 -1.51833 -1.30481 -0.994559 -0.655695 -0.353697  1.16222 0.338887
-0.844298 -1.37835 -1.56601 -1.5212 -1.30486 -0.991859 -0.651084 -0.34845  1.16287 0.339547
-0.847893 -1.38366 -1.57084 -1.52402 -1.30489 -0.98917 -0.646522 -0.34328  1.16352 0.340198
-0.851593 -1.38913 -1.5758 -1.52689 -1.30489 -0.986382 -0.641821 -0.337972  1.1642 0.340866
-0.855324 -1.39463 -1.58079 -1.52976 -1.30486 -0.983547 -0.637074 -0.332632  1.16488 0.341538
-0.859086 -1.40017 -1.58581 -1.53264 -1.3048 -0.980668 -0.632282 -0.327262  1.16557 0.342214
-0.86288 -1.40575 -1.59085 -1.53551 -1.30472 -0.977743 -0.627443 -0.32186  1.16626 0.342895
-0.866706 -1.41138 -1.59592 -1.53838 -1.30462 -0.974776 -0.62256 -0.31643  1.16697 0.343579
-0.870564 -1.41704 -1.60102 -1.54126 -1.30448 -0.971761 -0.617631 -0.310968  1.16769 0.344267
-0.874456 -1.42275 -1.60615 -1.54414 -1.30432 -0.968703 -0.612658 -0.305476  1.16842 0.344959
-0.878301 -1.42838 -1.61121 -1.54696 -1.30414 -0.965664 -0.607741 -0.300067  1.16914 0.34564
-0.88226 -1.43418 -1.6164 -1.54984 -1.30393 -0.962516 -0.602677 -0.294516  1.16989 0.34634
-0.886255 -1.44002 -1.62162 -1.55272 -1.30369 -0.959325 -0.59757 -0.288936  1.17065 0.347042
-0.890283 -1.4459 -1.62688 -1.55561 -1.30343 -0.956088 -0.592416 -0.283326  1.17142 0.347748
-0.894349 -1.45183 -1.63217 -1.55851 -1.30314 -0.952807 -0.587217 -0.277687  1.1722 0.348458
-0.898451 -1.45781 -1.63749 -1.5614 -1.30283 -0.94948 -0.581973 -0.272018  1.17299 0.349171
-0.902589 -1.46384 -1.64285 -1.56431 -1.30249 -0.946109 -0.576685 -0.266321  1.17379 0.349887
-0.906765 -1.46992 -1.64824 -1.56721 -1.30213 -0.942693 -0.57135 -0.260594  1.17461 0.350606
-0.910892 -1.47592 -1.65356 -1.57007 -1.30175 -0.939302 -0.566081 -0.254956  1.17541 0.351314
-0.915145 -1.4821 -1.65902 -1.57299 -1.30133 -0.935798 -0.560657 -0.249172  1.17625 0.352039
-0.919438 -1.48833 -1.66453 -1.57591 -1.3009 -0.932247 -0.555188 -0.24336  1.1771 0.352768
-0.923768 -1.4946 -1.67007 -1.57884 -1.30043 -0.928652 -0.549674 -0.237519  1.17796 0.353499
-0.92814 -1.50094 -1.67565 -1.58178 -1.29995 -0.925011 -0.544115 -0.23165  1.17884 0.354233
-0.932552 -1.50733 -1.68127 -1.58473 -1.29944 -0.921325 -0.538509 -0.225752  1.17972 0.354969
-0.937007 -1.51377 -1.68693 -1.58769 -1.2989 -0.917595 -0.532859 -0.219825  1.18062 0.355708
-0.941504 -1.52027 -1.69263 -1.59065 -1.29834 -0.913817 -0.527163 -0.21387  1.18154 0.356449
-0.945951 -1.52669 -1.69825 -1.59357 -1.29777 -0.910074 -0.521539 -0.208009  1.18244 0.357178
-0.950533 -1.53331 -1.70404 -1.59655 -1.29716 -0.906207 -0.515751 -0.201998  1.18338 0.357924
-0.955158 -1.53998 -1.70987 -1.59954 -1.29653 -0.902295 -0.50992 -0.195959  1.18434 0.358671
-0.95983 -1.54671 -1.71574 -1.60255 -1.29588 -0.898336 -0.504041 -0.189891  1.18531 0.359421
-0.964546 -1.5535 -1.72166 -1.60556 -1.2952 -0.894331 -0.498116 -0.183795  1.18629 0.360173
-0.969309 -1.56035 -1.72762 -1.60859 -1.2945 -0.890281 -0.492144 -0.177671  1.18729 0.360926
-0.974118 -1.56727 -1.73364 -1.61162 -1.29377 -0.886183 -0.486127 -0.171518  1.1883 0.361681
-0.978973 -1.57425 -1.73969 -1.61467 -1.29302 -0.882038 -0.480062 -0.165337  1.18932 0.362438
-0.983777 -1.58114 -1.74568 -1.61767 -1.29226 -0.877934 -0.474076 -0.159254  1.19035 0.36318
-0.98873 -1.58825 -1.75183 -1.62075 -1.29147 -0.873697 -0.467919 -0.153017  1.1914 0.363939
-0.993731 -1.59543 -1.75804 -1.62384 -1.29064 -0.869413 -0.461714 -0.146751  1.19248 0.364699
-0.998782 -1.60267 -1.76429 -1.62694 -1.2898 -0.865082 -0.455461 -0.140455  1.19357 0.365461
-1.00388 -1.60997 -1.7706 -1.63005 -1.28893 -0.860702 -0.449161 -0.134132  1.19468 0.366223
-1.00904 -1.61735 -1.77696 -1.63318 -1.28804 -0.856275 -0.442812 -0.127779  1.1958 0.366986
-1.01424 -1.6248 -1.78337 -1.63633 -1.28712 -0.851799 -0.436415 -0.121397  1.19694 0.367749
-1.0195 -1.63232 -1.78984 -1.63949 -1.28618 -0.847274 -0.429969 -0.114986  1.1981 0.368513
-1.0247 -1.63976 -1.79623 -1.6426 -1.28524 -0.842795 -0.423607 -0.108677  1.19925 0.369262
-1.03007 -1.64742 -1.80281 -1.64579 -1.28425 -0.838174 -0.417065 -0.102208  1.20044 0.370027
-1.03549 -1.65516 -1.80944 -1.649 -1.28324 -0.833501 -0.410471 -0.095708  1.20165 0.370792
-1.04096 -1.66297 -1.81613 -1.65223 -1.2822 -0.82878 -0.403828 -0.0891787  1.20288 0.371556
-1.04649 -1.67086 -1.82288 -1.65547 -1.28114 -0.824008 -0.397135 -0.0826193  1.20413 0.372321
-1.05208 -1.67882 -1.82969 -1.65873 -1.28005 -0.819186 -0.39039 -0.0760298  1.2054 0.373085
-1.05773 -1.68687 -1.83655 -1.66201 -1.27894 -0.814312 -0.383594 -0.0694091  1.20669 0.373849
-1.06343 -1.69499 -1.84348 -1.6653 -1.2778 -0.809385 -0.376746 -0.0627576  1.20799 0.374613
-1.06908 -1.70303 -1.85033 -1.66855 -1.27667 -0.804508 -0.369987 -0.0562112  1.20929 0.37536
-1.0749 -1.71132 -1.85737 -1.67188 -1.27548 -0.799478 -0.363035 -0.0494972  1.21064 0.376122
-1.08078 -1.71969 -1.86449 -1.67523 -1.27427 -0.794394 -0.356029 -0.0427518  1.21201 0.376883
-1.08673 -1.72814 -1.87166 -1.6786 -1.27303 -0.789256 -0.34897 -0.0359742  1.21339 0.377643
-1.09273 -1.73667 -1.8789 -1.68199 -1.27176 -0.784063 -0.341855 -0.0291641  1.2148 0.378402
-1.0988 -1.74529 -1.88621 -1.6854 -1.27047 -0.778816 -0.334686 -0.0223206  1.21624 0.379159
-1.10493 -1.754 -1.89359 -1.68883 -1.26915 -0.773512 -0.327461 -0.0154443  1.21769 0.379916
-1.11113 -1.7628 -1.90102 -1.69227 -1.2678 -0.768152 -0.320179 -0.00853369  1.21916 0.38067
-1.1174 -1.77169 -1.90853 -1.69574 -1.26643 -0.762735 -0.312841 -0.00158931  1.22066 0.381424
-1.1236 -1.78048 -1.91595 -1.69916 -1.26505 -0.757371 -0.305596 0.00524705  1.22215 0.382159
-1.12999 -1.78954 -1.9236 -1.70267 -1.26362 -0.751838 -0.298142 0.0122602  1.2237 0.382909
-1.13645 -1.7987 -1.93131 -1.7062 -1.26216 -0.746245 -0.290629 0.0193092  1.22526 0.383657
-1.14298 -1.80795 -1.93909 -1.70975 -1.26066 -0.740592 -0.283055 0.0263943  1.22685 0.384402
-1.14958 -1.8173 -1.94695 -1.71332 -1.25914 -0.734877 -0.275422 0.0335153  1.22847 0.385146
-1.15625 -1.82674 -1.95487 -1.71691 -1.25759 -0.7291 -0.267725 0.040674  1.23011 0.385887
-1.16299 -1.83628 -1.96287 -1.72052 -1.256 -0.723259 -0.259966 0.0478704  1.23178 0.386626
-1.1698 -1.84591 -1.97094 -1.72415 -1.25438 -0.717355 -0.252144 0.055105  1.23347 0.387363
-1.17654 -1.85544 -1.97892 -1.72773 -1.25276 -0.711507 -0.244419 0.0622293  1.23515 0.388082
-1.18349 -1.86527 -1.98714 -1.7314 -1.25108 -0.705472 -0.236468 0.0695405  1.23689 0.388813
-1.19052 -1.8752 -1.99544 -1.73509 -1.24936 -0.69937 -0.228451 0.0768921  1.23866 0.389542
-1.19762 -1.88524 -2.0038 -1.73881 -1.2476 -0.693199 -0.220366 0.0842846  1.24046 0.390269
-1.2048 -1.89537 -2.01225 -1.74254 -1.2458 -0.686958 -0.212212 0.0917181  1.24228 0.390992
-1.21205 -1.90561 -2.02077 -1.74629 -1.24397 -0.680646 -0.203989 0.0991938  1.24413 0.391713
-1.21938 -1.91594 -2.02937 -1.75006 -1.2421 -0.674262 -0.195695 0.106712  1.24601 0.392431
-1.22678 -1.92639 -2.03804 -1.75384 -1.24019 -0.667803 -0.187329 0.114273  1.24791 0.393146
-1.23411 -1.93672 -2.04661 -1.75757 -1.23828 -0.661404 -0.179063 0.121722  1.24981 0.393843
-1.24167 -1.94737 -2.05544 -1.76139 -1.23628 -0.654796 -0.170552 0.129372  1.25177 0.394552
-1.2493 -1.95813 -2.06434 -1.76523 -1.23424 -0.648109 -0.161965 0.137066  1.25376 0.395259
-1.25701 -1.969 -2.07332 -1.76908 -1.23216 -0.641342 -0.1533 0.144807  1.25578 0.395962
-1.26481 -1.97997 -2.08238 -1.77295 -1.23003 -0.634496 -0.144559 0.152594  1.25783 0.396663
-1.27268 -1.99106 -2.09151 -1.77684 -1.22786 -0.627567 -0.135738 0.160429  1.25991 0.39736
-1.28063 -2.00225 -2.10072 -1.78074 -1.22563 -0.620552 -0.126836 0.168312  1.26202 0.398054
-1.28867 -2.01355 -2.11001 -1.78465 -1.22335 -0.613452 -0.117852 0.176244  1.26417 0.398746
-1.29662 -2.02472 -2.11919 -1.78849 -1.22107 -0.606412 -0.108971 0.184063  1.26629 0.39942
-1.30481 -2.03624 -2.12863 -1.79242 -1.21869 -0.599136 -0.0998205 0.192094  1.2685 0.400106
-1.31309 -2.04787 -2.13815 -1.79636 -1.21625 -0.591769 -0.0905838 0.200176  1.27073 0.400789
-1.32142 -2.05957 -2.1477 -1.80027 -1.21372 -0.584285 -0.0812448 0.208318  1.27299 0.401476
-1.32982 -2.07135 -2.1573 -1.80416 -1.2111 -0.576686 -0.0718043 0.216518  1.27527 0.402165
-1.33831 -2.08325 -2.16697 -1.80805 -1.20842 -0.568991 -0.0622742 0.22477  1.27759 0.402851
-1.34687 -2.09525 -2.17672 -1.81195 -1.20568 -0.561197 -0.0526535 0.233075  1.27993 0.403535
-1.35551 -2.10736 -2.18653 -1.81585 -1.20287 -0.553303 -0.0429399 0.241434  1.28231 0.404216
-1.36406 -2.11933 -2.19622 -1.81966 -1.20006 -0.545469 -0.0333333 0.249675  1.28468 0.404881
-1.37286 -2.13165 -2.20617 -1.82356 -1.19711 -0.537367 -0.0234317 0.258142  1.28712 0.405557
-1.38175 -2.14408 -2.21619 -1.82745 -1.19409 -0.529159 -0.0134323 0.266665  1.28959 0.406231
-1.39071 -2.15662 -2.22628 -1.83133 -1.191 -0.520842 -0.00333582 0.275243  1.2921 0.406903
-1.39976 -2.16926 -2.23643 -1.8352 -1.18782 -0.512413 0.00686102 0.283877  1.29464 0.407574
-1.40888 -2.18201 -2.24664 -1.83906 -1.18457 -0.503871 0.0171575 0.292568  1.29721 0.408242
-1.41808 -2.19485 -2.25692 -1.84291 -1.18123 -0.495213 0.0275571 0.301315  1.29981 0.408908
-1.42736 -2.20781 -2.26726 -1.84675 -1.17781 -0.486439 0.0380589 0.310119  1.30245 0.409573
-1.43652 -2.22059 -2.27743 -1.85048 -1.17437 -0.477726 0.0484487 0.318798  1.30506 0.410223
-1.44595 -2.23373 -2.28788 -1.85427 -1.17076 -0.468712 0.0591578 0.327715  1.30776 0.410885
-1.45546 -2.24697 -2.29837 -1.85804 -1.16707 -0.459573 0.0699742 0.336688  1.31049 0.411545
-1.46504 -2.26031 -2.30892 -1.86178 -1.16328 -0.450309 0.0808977 0.345717  1.31324 0.412205
-1.47469 -2.27374 -2.31951 -1.86549 -1.15938 -0.440917 0.0919294 0.354803  1.31604 0.412864
-1.48441 -2.28726 -2.33015 -1.86917 -1.15539 -0.431395 0.10307 0.363946  1.31886 0.413522
-1.4942 -2.30087 -2.34082 -1.87281 -1.15129 -0.421742 0.11432 0.373143  1.32171 0.414179
-1.50406 -2.31456 -2.35153 -1.8764 -1.14708 -0.411955 0.125679 0.382395  1.32459 0.414836
-1.51378 -2.32805 -2.36206 -1.87989 -1.14284 -0.402236 0.136914 0.391511  1.32744 0.41548
-1.52376 -2.3419 -2.37283 -1.88339 -1.13841 -0.39218 0.148493 0.400869  1.33038 0.416136
-1.53381 -2.35582 -2.38364 -1.88685 -1.13386 -0.381984 0.160182 0.41028  1.33335 0.416793
-1.54392 -2.36982 -2.39446 -1.89025 -1.12918 -0.371649 0.171981 0.419741  1.33634 0.417449
-1.55408 -2.38388 -2.40529 -1.89359 -1.12438 -0.36117 0.183892 0.42925  1.33936 0.418107
-1.5643 -2.39801 -2.41614 -1.89686 -1.11946 -0.35055 0.195912 0.438809  1.3424 0.418765
-1.57457 -2.4122 -2.427 -1.90007 -1.11441 -0.339787 0.208041 0.448413  1.34547 0.419423
-1.58489 -2.42644 -2.43786 -1.90321 -1.10922 -0.328878 0.22028 0.458061  1.34857 0.420083
-1.59504 -2.44043 -2.44849 -1.9062 -1.10401 -0.31805 0.232372 0.467551  1.35162 0.42073
-1.60544 -2.45477 -2.45935 -1.90918 -1.09855 -0.306853 0.244822 0.477281  1.35476 0.421392
-1.61589 -2.46914 -2.47018 -1.91207 -1.09295 -0.295508 0.257376 0.487046  1.35791 0.422055
-1.62636 -2.48355 -2.481 -1.91487 -1.08721 -0.284016 0.270034 0.496845  1.36109 0.42272
-1.63688 -2.49799 -2.49179 -1.91758 -1.08132 -0.272378 0.282793 0.506676  1.36428 0.423386
-1.64742 -2.51246 -2.50256 -1.9202 -1.07529 -0.260594 0.295651 0.516535  1.36749 0.424053
-1.65798 -2.52694 -2.51328 -1.9227 -1.0691 -0.248663 0.308605 0.526418  1.37072 0.424723
-1.66856 -2.54143 -2.52397 -1.9251 -1.06276 -0.236587 0.321654 0.536323  1.37396 0.425395
-1.67894 -2.55563 -2.53439 -1.92734 -1.0564 -0.224618 0.334522 0.54604  1.37714 0.426055
-1.68955 -2.57013 -2.54497 -1.92951 -1.04976 -0.212256 0.347747 0.555975  1.3804 0.42673
-1.70017 -2.58462 -2.5555 -1.93156 -1.04295 -0.199755 0.361054 0.565917  1.38367 0.427408
-1.7108 -2.59911 -2.56596 -1.9335 -1.036 -0.187114 0.374443 0.575866  1.38695 0.428087
-1.72142 -2.61356 -2.57634 -1.93529 -1.02887 -0.174333 0.387906 0.585812  1.39023 0.42877
-1.73203 -2.628 -2.58665 -1.93696 -1.0216 -0.161418 0.401441 0.595754  1.39352 0.429454
-1.74264 -2.6424 -2.59687 -1.93849 -1.01416 -0.148371 0.415042 0.605685  1.39681 0.430141
-1.75323 -2.65676 -2.607 -1.93988 -1.00656 -0.135195 0.428706 0.615601  1.4001 0.43083
-1.76358 -2.67078 -2.61683 -1.9411 -0.998953 -0.122164 0.442145 0.625294  1.40331 0.431507
-1.77413 -2.68505 -2.62677 -1.9422 -0.991036 -0.108741 0.455915 0.635163  1.4066 0.4322
-1.78465 -2.69925 -2.63659 -1.94315 -0.982957 -0.0951986 0.46973 0.645  1.40987 0.432896
-1.79513 -2.71338 -2.64629 -1.94395 -0.974719 -0.0815421 0.483584 0.654798  1.41314 0.433594
-1.80558 -2.72745 -2.65588 -1.9446 -0.966324 -0.0677754 0.497471 0.664553  1.4164 0.434294
-1.81598 -2.74144 -2.66535 -1.94509 -0.957771 -0.0539027 0.511385 0.674258  1.41965 0.434996
-1.82634 -2.75534 -2.67468 -1.94542 -0.949066 -0.03993 0.525321 0.683908  1.42289 0.4357
-1.83665 -2.76915 -2.68388 -1.94558 -0.940205 -0.0258602 0.53927 0.693495  1.42611 0.436406
-1.8467 -2.78259 -2.69275 -1.94559 -0.93138 -0.0119911 0.552941 0.70282  1.42924 0.4371
-1.85689 -2.7962 -2.70167 -1.94543 -0.922224 0.00224992 0.566896 0.712266  1.43243 0.437809
-1.86702 -2.80971 -2.71043 -1.9451 -0.912923 0.0165703 0.580845 0.721632  1.43559 0.43852
-1.87709 -2.8231 -2.71905 -1.94462 -0.903481 0.0309637 0.594781 0.730912  1.43874 0.439232
-1.88709 -2.83638 -2.72751 -1.94396 -0.893897 0.0454232 0.608694 0.740098  1.44186 0.439946
-1.89701 -2.84953 -2.73581 -1.94314 -0.884178 0.0599437 0.622579 0.749185  1.44495 0.440662
-1.90686 -2.86256 -2.74395 -1.94216 -0.87433 0.0745177 0.63643 0.75817  1.44802 0.441377
-1.91662 -2.87546 -2.75192 -1.941 -0.86435 0.089139 0.650237 0.767042  1.45106 0.442095
-1.92611 -2.88797 -2.75957 -1.93971 -0.854455 0.103502 0.663715 0.775622  1.45401 0.442798
-1.93571 -2.90059 -2.76721 -1.93823 -0.844235 0.118199 0.677417 0.784261  1.45699 0.443517
-1.94523 -2.91308 -2.77468 -1.93659 -0.833901 0.132924 0.691057 0.792773  1.45993 0.444236
-1.95465 -2.92543 -2.78198 -1.93479 -0.823455 0.14767 0.704624 0.801152  1.46285 0.444956
-1.96399 -2.93763 -2.78911 -1.93282 -0.812902 0.162432 0.718115 0.809394  1.46573 0.445676
-1.97322 -2.94968 -2.79606 -1.9307 -0.802247 0.177201 0.731523 0.817494  1.46857 0.446397
-1.98237 -2.96158 -2.80284 -1.92843 -0.791496 0.191973 0.74484 0.825449  1.47138 0.447118
-1.99142 -2.97333 -2.80944 -1.92599 -0.780654 0.20674 0.758061 0.833252  1.47416 0.447838
-2.00019 -2.98469 -2.81574 -1.92347 -0.769947 0.221196 0.770914 0.840746  1.47684 0.448544
-2.00905 -2.99614 -2.82201 -1.92074 -0.758937 0.235936 0.783927 0.84824  1.47954 0.449265
-2.0178 -3.00743 -2.8281 -1.91787 -0.74785 0.250654 0.796826 0.85557  1.4822 0.449985
-2.02646 -3.01857 -2.83402 -1.91485 -0.736689 0.265343 0.809606 0.862735  1.48482 0.450705
-2.03502 -3.02956 -2.83977 -1.9117 -0.725462 0.279999 0.822263 0.869731  1.4874 0.451425
-2.04348 -3.04039 -2.84535 -1.90841 -0.714171 0.294614 0.83479 0.876556  1.48995 0.452144
-2.05184 -3.05106 -2.85075 -1.90498 -0.702821 0.309184 0.847182 0.883203  1.49245 0.452863
-2.06011 -3.06159 -2.856 -1.90143 -0.691419 0.323705 0.859438 0.889676  1.49491 0.453581
-2.06811 -3.07175 -2.86098 -1.89783 -0.680202 0.337876 0.871306 0.895842  1.49729 0.454284
-2.07618 -3.08198 -2.86591 -1.89403 -0.668709 0.352283 0.883278 0.901959  1.49968 0.455001
-2.08415 -3.09206 -2.87069 -1.89011 -0.657177 0.366626 0.8951 0.907895  1.50202 0.455718
-2.09203 -3.10199 -2.87529 -1.88608 -0.645605 0.3809 0.906767 0.913643  1.50433 0.456434
-2.09981 -3.11177 -2.87976 -1.88193 -0.634005 0.395103 0.918281 0.919208  1.5066 0.457149
-2.1075 -3.12142 -2.88407 -1.87767 -0.622377 0.409228 0.929636 0.924586  1.50883 0.457864
-2.1151 -3.13092 -2.88823 -1.87331 -0.610725 0.423274 0.940829 0.929778  1.51102 0.458578
-2.12261 -3.14028 -2.89225 -1.86885 -0.599054 0.437237 0.951859 0.934783  1.51318 0.459291
-2.12987 -3.14932 -2.89605 -1.86438 -0.587606 0.450831 0.962504 0.939504  1.51526 0.45999
-2.13721 -3.15841 -2.89979 -1.85973 -0.575907 0.464619 0.973204 0.944135  1.51734 0.460703
-2.14445 -3.16737 -2.9034 -1.85498 -0.564197 0.478316 0.983736 0.948579  1.51938 0.461415
-2.15162 -3.17621 -2.90687 -1.85014 -0.552483 0.491918 0.994098 0.952837  1.5214 0.462126
-2.1587 -3.18491 -2.91022 -1.84522 -0.540763 0.505423 1.00429 0.956905  1.52337 0.462838
-2.1657 -3.1935 -2.91344 -1.84022 -0.529045 0.518829 1.01431 0.960789  1.52531 0.463549
-2.17262 -3.20196 -2.91654 -1.83513 -0.517329 0.532134 1.02415 0.964485  1.52722 0.46426
-2.17947 -3.21031 -2.91952 -1.82997 -0.505618 0.545336 1.03382 0.967996  1.5291 0.464971
-2.18611 -3.21837 -2.92232 -1.82485 -0.494153 0.558168 1.04313 0.971258  1.53091 0.465667
-2.19281 -3.22649 -2.92507 -1.81954 -0.482458 0.571162 1.05245 0.974404  1.53272 0.466378
-2.19944 -3.2345 -2.92771 -1.81417 -0.470775 0.58405 1.0616 0.977369  1.5345 0.467089
-2.20601 -3.24241 -2.93025 -1.80873 -0.459106 0.59683 1.07058 0.980153  1.53626 0.467801
-2.2125 -3.25021 -2.93268 -1.80323 -0.447452 0.6095 1.07938 0.982756  1.53798 0.468512
-2.21894 -3.25792 -2.93501 -1.79767 -0.435817 0.622062 1.088 0.985184  1.53968 0.469224
-2.22532 -3.26553 -2.93724 -1.79206 -0.4242 0.634514 1.09646 0.987433  1.54135 0.469936
-2.23163 -3.27304 -2.93938 -1.78638 -0.412602 0.646854 1.10474 0.989507  1.543 0.47065
-2.23776 -3.28031 -2.94138 -1.78077 -0.401263 0.658835 1.11268 0.99137  1.54458 0.471349
-2.24397 -3.28765 -2.94333 -1.77498 -0.38971 0.670954 1.12062 0.993102  1.54618 0.472064
-2.25012 -3.2949 -2.9452 -1.76915 -0.378182 0.682963 1.12838 0.994666  1.54775 0.472779
-2.25621 -3.30206 -2.94699 -1.76327 -0.366677 0.69486 1.13598 0.996058  1.5493 0.473496
-2.26226 -3.30915 -2.94869 -1.75735 -0.355199 0.706645 1.1434 0.997285  1.55082 0.474214
-2.26827 -3.31616 -2.95031 -1.75137 -0.343747 0.718319 1.15066 0.998347  1.55233 0.474934
-2.27422 -3.3231 -2.95186 -1.74536 -0.332325 0.729881 1.15775 0.999247  1.55381 0.475654
-2.28014 -3.32996 -2.95333 -1.7393 -0.320928 0.741333 1.16467 0.999985  1.55527 0.476376
-2.28589 -3.33661 -2.9547 -1.73333 -0.309793 0.752443 1.1713 1.00055  1.55669 0.477085
-2.29172 -3.34334 -2.95603 -1.72719 -0.298454 0.763676 1.17789 1.00098  1.55811 0.477811
-2.29752 -3.35 -2.95729 -1.72102 -0.287144 0.774798 1.18433 1.00125  1.55952 0.478539
-2.30327 -3.3566 -2.95848 -1.7148 -0.275865 0.785812 1.1906 1.00136  1.56091 0.479268
-2.309 -3.36313 -2.95961 -1.70855 -0.264614 0.796716 1.19671 1.00132  1.56229 0.48
-2.31462 -3.36951 -2.96058 -1.70221 -0.253377 0.807495 1.20262 1.0011  1.56362 0.48074
-2.3202 -3.37581 -2.96147 -1.69582 -0.242167 0.818161 1.20837 1.00072  1.56493 0.481484
-2.32575 -3.38206 -2.96231 -1.6894 -0.230988 0.828721 1.21396 1.00019  1.56622 0.48223
-2.33116 -3.38813 -2.96307 -1.68308 -0.220068 0.838959 1.21929 0.999532  1.56748 0.482964
-2.33665 -3.39428 -2.96379 -1.6766 -0.208953 0.849307 1.22457 0.99872  1.56875 0.483715
-2.34212 -3.40038 -2.96446 -1.67008 -0.197868 0.859548 1.2297 0.997767  1.57 0.48447
-2.34757 -3.40644 -2.96508 -1.66354 -0.186815 0.869685 1.23468 0.996677  1.57125 0.485227
-2.353 -3.41245 -2.96565 -1.65697 -0.175793 0.879718 1.2395 0.995449  1.57248 0.485987
-2.35841 -3.41843 -2.96618 -1.65038 -0.164803 0.889649 1.24418 0.994087  1.57371 0.486751
-2.3638 -3.42436 -2.96665 -1.64375 -0.153843 0.899478 1.24871 0.992591  1.57492 0.487517
-2.36918 -3.43026 -2.96709 -1.6371 -0.142914 0.909205 1.2531 0.990965  1.57613 0.488288
-2.37454 -3.43613 -2.96747 -1.63043 -0.132016 0.918832 1.25734 0.989209  1.57733 0.489061
-2.37978 -3.44184 -2.9678 -1.62386 -0.121368 0.928165 1.26135 0.987363  1.5785 0.489823
-2.38511 -3.44764 -2.96811 -1.61713 -0.110529 0.937597 1.26531 0.985356  1.57969 0.490603
-2.39044 -3.45342 -2.96838 -1.61038 -0.0997189 0.946931 1.26913 0.983225  1.58087 0.491388
-2.39576 -3.45916 -2.9686 -1.60361 -0.0889373 0.956168 1.27281 0.980971  1.58204 0.492177
-2.40106 -3.46488 -2.96878 -1.59681 -0.0781854 0.965309 1.27635 0.978597  1.58321 0.492969
-2.40636 -3.47056 -2.96893 -1.58998 -0.0674604 0.974355 1.27975 0.976101  1.58437 0.493767
-2.41166 -3.47623 -2.96904 -1.58313 -0.0567639 0.983307 1.28301 0.973488  1.58553 0.494568
-2.41695 -3.48188 -2.96912 -1.57626 -0.0460945 0.992166 1.28615 0.970761  1.58669 0.495373
-2.42213 -3.48739 -2.96917 -1.56951 -0.0356692 1.00076 1.28909 0.967977  1.58782 0.496167
-2.42742 -3.493 -2.96918 -1.56259 -0.0250522 1.00943 1.29196 0.965023  1.58897 0.496982
-2.4327 -3.49859 -2.96916 -1.55565 -0.0144616 1.01802 1.2947 0.961957  1.59012 0.497801
-2.43798 -3.50416 -2.9691 -1.54868 -0.00389577 1.02652 1.2973 0.958781  1.59127 0.498625
-2.44327 -3.50972 -2.96902 -1.5417 0.00664406 1.03493 1.29979 0.955498  1.59242 0.499454
-2.44856 -3.51526 -2.96891 -1.53468 0.0171601 1.04325 1.30214 0.952105  1.59356 0.500289
-2.45385 -3.52079 -2.96877 -1.52765 0.0276512 1.05148 1.30437 0.948608  1.59471 0.501128
-2.45915 -3.52631 -2.96859 -1.52059 0.03812 1.05963 1.30647 0.945005  1.59586 0.501973
-2.46434 -3.53171 -2.9684 -1.51365 0.0483516 1.06753 1.30841 0.941376  1.59698 0.502806
-2.46965 -3.53721 -2.96817 -1.50655 0.0587742 1.0755 1.31027 0.937571  1.59813 0.503662
-2.47497 -3.5427 -2.96792 -1.49942 0.0691759 1.0834 1.312 0.933664  1.59928 0.504523
-2.48029 -3.54818 -2.96765 -1.49227 0.0795551 1.09121 1.31362 0.929657  1.60044 0.50539
-2.48563 -3.55366 -2.96734 -1.4851 0.089913 1.09894 1.31511 0.925553  1.60159 0.506263
-2.49094 -3.5591 -2.96698 -1.47788 0.100252 1.10657 1.31646 0.921334  1.60274 0.507144
-2.49616 -3.56436 -2.96645 -1.47055 0.110577 1.11407 1.31763 0.916953  1.60384 0.508041
-2.50138 -3.56962 -2.96589 -1.46321 0.120882 1.12149 1.31867 0.912476  1.60494 0.508944
-2.50651 -3.57477 -2.96532 -1.45599 0.130955 1.12868 1.31957 0.907999  1.60602 0.509835
-2.51176 -3.58002 -2.96471 -1.44859 0.141219 1.13593 1.32038 0.903333  1.60713 0.510751
-2.51702 -3.58527 -2.96408 -1.44117 0.151462 1.14311 1.32107 0.898578  1.60825 0.511673
-2.52229 -3.59052 -2.96343 -1.43373 0.161686 1.1502 1.32165 0.893732  1.60937 0.512602
-2.52758 -3.59577 -2.96276 -1.42627 0.17189 1.15722 1.32211 0.888795  1.61049 0.513538
-2.53289 -3.60103 -2.96206 -1.41878 0.182076 1.16415 1.32245 0.88377  1.61162 0.51448
-2.53822 -3.60629 -2.96135 -1.41127 0.192243 1.17101 1.32269 0.878657  1.61276 0.51543
-2.54356 -3.61155 -2.96062 -1.40373 0.202391 1.17779 1.32281 0.873458  1.6139 0.516387
-2.54881 -3.61671 -2.95988 -1.39633 0.212316 1.18436 1.32282 0.86828  1.61502 0.51733
-2.55419 -3.62199 -2.95911 -1.38874 0.22243 1.19098 1.32271 0.862912  1.61618 0.518301
-2.55959 -3.62727 -2.95832 -1.38114 0.232527 1.19753 1.3225 0.857458  1.61734 0.519279
-2.56501 -3.63256 -2.95751 -1.37351 0.242606 1.20401 1.32218 0.851922  1.61852 0.520264
-2.57046 -3.63785 -2.95668 -1.36585 0.25267 1.2104 1.32174 0.846302  1.6197 0.521257
-2.57592 -3.64316 -2.95584 -1.35818 0.262716 1.21673 1.3212 0.840602  1.62089 0.522258
-2.58142 -3.64848 -2.95498 -1.35048 0.272747 1.22297 1.32055 0.834822  1.62209 0.523266
-2.58693 -3.6538 -2.9541 -1.34275 0.282761 1.22914 1.31979 0.828959  1.62329 0.524282
-2.59235 -3.65903 -2.95323 -1.33515 0.292556 1.23511 1.31895 0.823141  1.62449 0.525285
-2.59792 -3.66439 -2.95232 -1.32738 0.302538 1.24114 1.31797 0.817125  1.62572 0.526316
-2.60351 -3.66975 -2.95139 -1.31958 0.312506 1.24708 1.31689 0.811028  1.62695 0.527357
-2.60912 -3.67513 -2.95045 -1.31176 0.322457 1.25296 1.3157 0.804856  1.6282 0.528405
-2.61477 -3.68053 -2.9495 -1.30391 0.332393 1.25875 1.31441 0.798606  1.62946 0.529461
-2.62044 -3.68594 -2.94853 -1.29604 0.342314 1.26447 1.313 0.792279  1.63073 0.530526
-2.62614 -3.69136 -2.94755 -1.28815 0.352219 1.27012 1.3115 0.785877  1.63202 0.531599
-2.63186 -3.69681 -2.94655 -1.28023 0.362108 1.27569 1.30988 0.7794  1.63331 0.532682
-2.63751 -3.70216 -2.94556 -1.27245 0.371781 1.28108 1.30819 0.772983  1.63459 0.53375
-2.64329 -3.70764 -2.94454 -1.26448 0.381637 1.2865 1.30637 0.766357  1.63591 0.534849
-2.64911 -3.71313 -2.9435 -1.25649 0.391479 1.29184 1.30443 0.759658  1.63724 0.535958
-2.65496 -3.71865 -2.94245 -1.24848 0.401304 1.29711 1.30239 0.752887  1.63859 0.537076
-2.66084 -3.72419 -2.94139 -1.24044 0.411111 1.3023 1.30024 0.746041  1.63995 0.538203
-2.66676 -3.72975 -2.94032 -1.23238 0.420901 1.30742 1.29799 0.739124  1.64132 0.539338
-2.6727 -3.73533 -2.93923 -1.2243 0.430674 1.31245 1.29562 0.732131  1.6427 0.540484
-2.67868 -3.74093 -2.93814 -1.2162 0.440427 1.31741 1.29315 0.725068  1.6441 0.541639
-2.68458 -3.74644 -2.93706 -1.20824 0.449964 1.32219 1.29063 0.718081  1.64549 0.54278
-2.69063 -3.75208 -2.93595 -1.20009 0.459679 1.32699 1.28794 0.710873  1.64692 0.543954
-2.69671 -3.75776 -2.93483 -1.19192 0.469374 1.3317 1.28514 0.703597  1.64836 0.545138
-2.70283 -3.76345 -2.93369 -1.18374 0.479047 1.33634 1.28223 0.696247  1.64982 0.546332
-2.70899 -3.76918 -2.93256 -1.17553 0.488698 1.34089 1.27922 0.688828  1.6513 0.547536
-2.71518 -3.77493 -2.93141 -1.16731 0.498325 1.34536 1.27609 0.681334  1.65279 0.548751
-2.7214 -3.7807 -2.93025 -1.15906 0.507927 1.34974 1.27285 0.673769  1.65429 0.549975
-2.72767 -3.7865 -2.92909 -1.1508 0.517501 1.35403 1.26949 0.66613  1.65581 0.551211
-2.73385 -3.79222 -2.92796 -1.1427 0.526857 1.35815 1.2661 0.658581  1.65732 0.552431
-2.74019 -3.79808 -2.92679 -1.13441 0.536375 1.36227 1.26252 0.650803  1.65888 0.553687
-2.74657 -3.80397 -2.92562 -1.12611 0.545864 1.36629 1.25882 0.642953  1.66046 0.554954
-2.753 -3.8099 -2.92445 -1.1178 0.555319 1.37022 1.255 0.635029  1.66205 0.556232
-2.75946 -3.81585 -2.92328 -1.10947 0.564738 1.37405 1.25106 0.627031  1.66366 0.557522
-2.76596 -3.82184 -2.92211 -1.10114 0.574121 1.37778 1.247 0.618959  1.66529 0.558823
-2.77251 -3.82786 -2.92094 -1.09281 0.583463 1.38141 1.24282 0.610814  1.66693 0.560135
-2.77909 -3.83392 -2.91976 -1.08446 0.592761 1.38493 1.23852 0.602593  1.6686 0.561458
-2.7856 -3.8399 -2.91864 -1.0763 0.601827 1.38828 1.23418 0.594471  1.67025 0.562766
-2.79227 -3.84602 -2.91748 -1.06795 0.61103 1.39159 1.22961 0.5861  1.67195 0.564113
-2.799 -3.8522 -2.91634 -1.05962 0.620183 1.39478 1.22493 0.577655  1.67368 0.565472
-2.80576 -3.85841 -2.9152 -1.05129 0.629278 1.39786 1.2201 0.569131  1.67542 0.566842
-2.81257 -3.86468 -2.91409 -1.04297 0.638313 1.40081 1.21514 0.56053  1.67719 0.568225
-2.81943 -3.87098 -2.91299 -1.03467 0.647282 1.40364 1.21004 0.551849  1.67898 0.569621
-2.82634 -3.87733 -2.9119 -1.02638 0.656179 1.40633 1.20479 0.543083  1.68079 0.57103
-2.83331 -3.88374 -2.91086 -1.01813 0.665003 1.40889 1.19941 0.534243  1.68263 0.57245
-2.84017 -3.89006 -2.90985 -1.01006 0.673567 1.41126 1.19398 0.525495  1.68445 0.573855
-2.84723 -3.89656 -2.90885 -1.00186 0.682221 1.41353 1.18829 0.516482  1.68633 0.575301
-2.85435 -3.90312 -2.90788 -0.993701 0.690781 1.41564 1.18243 0.507381  1.68824 0.576761
-2.86152 -3.90974 -2.90696 -0.985589 0.699238 1.4176 1.17642 0.498193  1.69017 0.578235
-2.86876 -3.91644 -2.90609 -0.977533 0.707587 1.41939 1.17024 0.488917  1.69214 0.579721
-2.87606 -3.9232 -2.90527 -0.969537 0.715815 1.42101 1.16389 0.479545  1.69413 0.581222
-2.8834 -3.93002 -2.90449 -0.961606 0.723912 1.42243 1.15735 0.470075  1.69614 0.582737
-2.89083 -3.93694 -2.9038 -0.953761 0.731872 1.42366 1.15063 0.460511  1.6982 0.584265
-2.89816 -3.9438 -2.90319 -0.946161 0.739525 1.42467 1.14387 0.451044  1.70024 0.585776
-2.90574 -3.9509 -2.90266 -0.938509 0.747178 1.42549 1.13677 0.44128  1.70236 0.587331
-2.91337 -3.95808 -2.90221 -0.930963 0.754651 1.42608 1.12945 0.431405  1.70452 0.588903
-2.92109 -3.96538 -2.90188 -0.92355 0.761937 1.42644 1.12193 0.421422  1.70671 0.590487
-2.9289 -3.9728 -2.90166 -0.916278 0.769017 1.42654 1.11418 0.411325  1.70895 0.592086
-2.93681 -3.98034 -2.90157 -0.909167 0.775876 1.42638 1.10621 0.401111  1.71123 0.5937
-2.94482 -3.98804 -2.90165 -0.902237 0.782497 1.42595 1.098 0.39078  1.71357 0.595327
-2.95292 -3.99587 -2.90187 -0.895496 0.788855 1.42521 1.08952 0.380316  1.71595 0.596969
-2.96098 -4.00371 -2.90228 -0.88911 0.794812 1.42418 1.08097 0.369942  1.71834 0.598591
-2.96933 -4.01191 -2.9029 -0.882834 0.800592 1.4228 1.07197 0.359218  1.72084 0.60026
-2.97782 -4.0203 -2.90376 -0.876824 0.806045 1.42108 1.06268 0.348353  1.72341 0.601941
-2.98647 -4.02894 -2.90488 -0.871115 0.811145 1.41898 1.0531 0.337344  1.72606 0.603635
-2.99527 -4.03781 -2.90627 -0.865731 0.815856 1.41648 1.0432 0.326177  1.72879 0.605342
-3.00426 -4.04697 -2.908 -0.860715 0.820153 1.41357 1.03297 0.314855  1.73161 0.607059
-3.01345 -4.05645 -2.91009 -0.856099 0.824003 1.41021 1.0224 0.303368  1.73453 0.608785
-3.02288 -4.06628 -2.91258 -0.85193 0.82737 1.40638 1.01148 0.291709  1.73756 0.61052
-3.03234 -4.07628 -2.91545 -0.848315 0.830157 1.40214 1.00041 0.280114  1.74065 0.612225
-3.04228 -4.08693 -2.91888 -0.845159 0.832446 1.3973 0.98872 0.268094  1.74394 0.613971
-3.05253 -4.09807 -2.92287 -0.842596 0.834128 1.3919 0.976625 0.255881  1.7474 0.615717
-3.06313 -4.10974 -2.92747 -0.840679 0.835156 1.3859 0.964098 0.243465  1.75102 0.617462
-3.07412 -4.12204 -2.93277 -0.839478 0.83548 1.37929 0.95113 0.230841  1.75485 0.619202
-3.08556 -4.13504 -2.93886 -0.839063 0.835054 1.37202 0.937705 0.218006  1.7589 0.620931
-3.09747 -4.14879 -2.94578 -0.839498 0.833814 1.36405 0.923789 0.20494  1.76319 0.622645
-3.10995 -4.16344 -2.95368 -0.840875 0.831714 1.35538 0.909389 0.191649  1.76778 0.624338
-3.12277 -4.1787 -2.96243 -0.843211 0.828759 1.34614 0.894781 0.178397  1.77258 0.625969
-3.13656 -4.19539 -2.97255 -0.846704 0.824774 1.33594 0.879354 0.164631  1.77784 0.627597
-3.14784 -4.20737 -2.976 -0.842245 0.828745 1.33226 0.868151 0.152794  1.78185 0.629368
-3.15782 -4.21691 -2.97605 -0.833818 0.836592 1.33167 0.858902 0.141842  1.78522 0.631228
-3.16788 -4.22654 -2.97611 -0.825342 0.844451 1.33101 0.849556 0.130836  1.78863 0.633101
-3.17803 -4.23625 -2.97617 -0.816814 0.852324 1.33029 0.840108 0.119774  1.79208 0.634988
-3.18826 -4.24602 -2.97621 -0.80823 0.860207 1.3295 0.830557 0.108654  1.79558 0.636889
-3.19857 -4.25587 -2.97624 -0.799591 0.868106 1.32864 0.820904 0.0974786  1.79912 0.638802
-3.20875 -4.26559 -2.97627 -0.791077 0.875856 1.32773 0.811351 0.0864763  1.80264 0.64069
-3.21921 -4.27557 -2.97628 -0.782323 0.883781 1.32673 0.80149 0.0751866  1.80628 0.642631
-3.22977 -4.28563 -2.97629 -0.773513 0.891722 1.32566 0.791529 0.0638412  1.80996 0.644585
-3.2404 -4.29577 -2.97628 -0.764643 0.899677 1.32452 0.781463 0.052438  1.81369 0.646553
-3.25112 -4.30597 -2.97626 -0.755715 0.907648 1.32331 0.771291 0.0409783  1.81746 0.648534
-3.26192 -4.31625 -2.97623 -0.746723 0.915635 1.32202 0.761015 0.0294608  1.82129 0.650529
-3.27281 -4.32661 -2.97619 -0.73767 0.923639 1.32067 0.750631 0.0178864  1.82516 0.652537
-3.28378 -4.33703 -2.97612 -0.728551 0.931659 1.31924 0.740141 0.00625306  1.82908 0.654559
-3.2946 -4.34731 -2.97604 -0.719556 0.939532 1.31777 0.729761 -0.00519907  1.83296 0.656553
-3.30573 -4.35787 -2.97595 -0.710309 0.947587 1.3162 0.719057 -0.0169465  1.83698 0.658603
-3.31695 -4.36851 -2.97583 -0.700993 0.95566 1.31455 0.708246 -0.0287526  1.84104 0.660666
-3.32825 -4.37922 -2.9757 -0.691609 0.963754 1.31283 0.697325 -0.0406164  1.84516 0.662741
-3.33963 -4.38999 -2.97554 -0.682154 0.971864 1.31104 0.686296 -0.0525381  1.84932 0.664831
-3.3511 -4.40084 -2.97536 -0.67263 0.979995 1.30917 0.675155 -0.0645191  1.85354 0.666935
-3.36265 -4.41176 -2.97516 -0.663031 0.988146 1.30723 0.663904 -0.0765592  1.8578 0.669052
-3.37428 -4.42274 -2.97493 -0.65336 0.996317 1.3052 0.652542 -0.0886551  1.86211 0.671182
-3.38575 -4.43356 -2.97468 -0.643813 1.00434 1.30315 0.641303 -0.100563  1.86639 0.673282
-3.39755 -4.44468 -2.9744 -0.633992 1.01256 1.30098 0.629721 -0.112776  1.8708 0.675439
-3.40943 -4.45587 -2.97409 -0.624094 1.02079 1.29872 0.618026 -0.125047  1.87527 0.677609
-3.42139 -4.46712 -2.97375 -0.614116 1.02905 1.29639 0.606217 -0.137376  1.87978 0.679792
-3.43343 -4.47843 -2.97338 -0.60406 1.03733 1.29399 0.594295 -0.149764  1.88435 0.681988
-3.44555 -4.4898 -2.97297 -0.593917 1.04563 1.2915 0.582256 -0.162211  1.88896 0.684199
-3.45775 -4.50124 -2.97252 -0.583695 1.05395 1.28893 0.570105 -0.174714  1.89363 0.686422
-3.47003 -4.51274 -2.97204 -0.573389 1.0623 1.28628 0.557839 -0.187276  1.89835 0.688658
-3.48239 -4.5243 -2.97152 -0.562995 1.07067 1.28355 0.545456 -0.199896  1.90312 0.690907
-3.49457 -4.53568 -2.97097 -0.552729 1.07889 1.28079 0.533213 -0.212314  1.90784 0.693123
-3.50709 -4.54736 -2.97037 -0.542164 1.08731 1.2779 0.520601 -0.225046  1.91272 0.695397
-3.51967 -4.55908 -2.96972 -0.531506 1.09575 1.27492 0.507871 -0.237836  1.91764 0.697684
-3.53235 -4.57088 -2.96903 -0.520761 1.10422 1.27187 0.495026 -0.250682  1.92261 0.699982
-3.54508 -4.58271 -2.96828 -0.509919 1.11271 1.26872 0.482062 -0.263583  1.92763 0.702295
-3.5579 -4.59459 -2.96749 -0.498985 1.12123 1.26549 0.468978 -0.276542  1.9327 0.704618
-3.57078 -4.60653 -2.96664 -0.487956 1.12977 1.26217 0.455779 -0.289554  1.93783 0.706954
-3.58373 -4.61851 -2.96573 -0.476829 1.13833 1.25877 0.442459 -0.302621  1.94299 0.709302
-3.5965 -4.6303 -2.9648 -0.465839 1.14675 1.25535 0.429298 -0.315475  1.94811 0.711613
-3.60959 -4.64236 -2.96377 -0.454516 1.15536 1.25177 0.415743 -0.328649  1.95338 0.713984
-3.62275 -4.65447 -2.96269 -0.443094 1.164 1.2481 0.40207 -0.341874  1.95869 0.716366
-3.63597 -4.66661 -2.96154 -0.431571 1.17266 1.24435 0.388277 -0.355152  1.96405 0.718759
-3.64926 -4.67879 -2.96033 -0.419947 1.18135 1.2405 0.374366 -0.368481  1.96946 0.721163
-3.66261 -4.69101 -2.95905 -0.408217 1.19006 1.23656 0.360336 -0.381859  1.97491 0.723577
-3.67602 -4.70327 -2.9577 -0.396386 1.19879 1.23253 0.346186 -0.395287  1.98042 0.726002
-3.68948 -4.71552 -2.95627 -0.384442 1.20755 1.2284 0.331917 -0.408762  1.98596 0.728438
-3.70273 -4.72757 -2.95479 -0.372642 1.21615 1.22427 0.317822 -0.422008  1.99143 0.730833
-3.7163 -4.73989 -2.95321 -0.360488 1.22495 1.21995 0.303319 -0.435574  1.99706 0.733288
-3.72993 -4.75223 -2.95155 -0.348228 1.23377 1.21554 0.288693 -0.449187  2.00273 0.735751
-3.7436 -4.76458 -2.9498 -0.335853 1.24262 1.21104 0.273954 -0.462838  2.00844 0.738223
-3.75733 -4.77694 -2.94796 -0.323368 1.25148 1.20644 0.259095 -0.476532  2.01419 0.740705
-3.77109 -4.78931 -2.94604 -0.310774 1.26036 1.20174 0.244119 -0.490266  2.01998 0.743194
-3.7849 -4.80168 -2.94402 -0.298066 1.26927 1.19693 0.229026 -0.504039  2.0258 0.745692
-3.79874 -4.81406 -2.9419 -0.285245 1.27818 1.19203 0.213816 -0.517845  2.03166 0.748197
-3.81234 -4.82618 -2.93974 -0.272576 1.28694 1.18713 0.198809 -0.531402  2.03744 0.750657
-3.82626 -4.83855 -2.93743 -0.259531 1.29589 1.18203 0.183373 -0.545275  2.04336 0.753176
-3.8402 -4.85092 -2.93502 -0.246373 1.30486 1.17683 0.167821 -0.559181  2.04932 0.755701
-3.85416 -4.86325 -2.9325 -0.233096 1.31384 1.17152 0.152162 -0.573107  2.0553 0.758231
-3.86816 -4.87559 -2.92988 -0.219708 1.32283 1.16611 0.136389 -0.587062  2.06132 0.760767
-3.88217 -4.88789 -2.92714 -0.206203 1.33183 1.16059 0.120507 -0.60104  2.06736 0.763307
-3.8962 -4.90016 -2.92428 -0.192584 1.34084 1.15496 0.104518 -0.615035  2.07342 0.765852
-3.91024 -4.91241 -2.92131 -0.178851 1.34985 1.14923 0.0884184 -0.629049  2.0795 0.7684
-3.924 -4.92435 -2.91828 -0.165285 1.35869 1.14351 0.0725492 -0.642789  2.08548 0.7709
-3.93806 -4.93653 -2.91507 -0.151327 1.36772 1.13757 0.0562433 -0.65683  2.0916 0.773455
-3.95211 -4.94864 -2.91173 -0.137251 1.37674 1.13151 0.0398393 -0.670873  2.09773 0.776012
-3.96616 -4.96071 -2.90827 -0.123065 1.38577 1.12535 0.023333 -0.684924  2.10388 0.77857
-3.98021 -4.97273 -2.90468 -0.108768 1.3948 1.11907 0.00672831 -0.698979  2.11004 0.781129
-3.99424 -4.98468 -2.90096 -0.0943576 1.40381 1.11269 -0.00997232 -0.713028  2.11621 0.783688
-4.00825 -4.99656 -2.89709 -0.0798352 1.41283 1.10619 -0.0267603 -0.727069  2.12237 0.786247
-4.02224 -5.00837 -2.89308 -0.065205 1.42183 1.09958 -0.0436424 -0.741102  2.12854 0.788805
-4.03594 -5.01987 -2.88904 -0.0507717 1.43063 1.09299 -0.0602675 -0.754836  2.13459 0.79131
-4.04988 -5.03152 -2.88476 -0.0359272 1.43961 1.08616 -0.0773187 -0.768837  2.14076 0.793864
-4.06379 -5.04309 -2.88033 -0.0209816 1.44857 1.07921 -0.0944533 -0.782816  2.14692 0.796415
-4.07765 -5.05456 -2.87576 -0.00593299 1.4575 1.07214 -0.111664 -0.796765  2.15307 0.798962
-4.09148 -5.06594 -2.87104 0.00921762 1.46642 1.06497 -0.128954 -0.810685  2.15921 0.801505
-4.10525 -5.0772 -2.86616 0.0244679 1.4753 1.05767 -0.146315 -0.824568  2.16533 0.804043
-4.11896 -5.08836 -2.86113 0.0398155 1.48415 1.05025 -0.163745 -0.838408  2.17142 0.806574
-4.13261 -5.09939 -2.85594 0.0552573 1.49298 1.04273 -0.181238 -0.852202  2.1775 0.8091
-4.14591 -5.11006 -2.85069 0.0704761 1.50158 1.03524 -0.19843 -0.865661  2.18341 0.811566
-4.15942 -5.12083 -2.84519 0.0860965 1.51032 1.02747 -0.216039 -0.879347  2.18942 0.814075
-4.17285 -5.13147 -2.83952 0.101805 1.51902 1.0196 -0.2337 -0.89297  2.1954 0.816576
-4.18621 -5.14197 -2.83369 0.117592 1.52766 1.0116 -0.251412 -0.906528  2.20134 0.819066
-4.19946 -5.15231 -2.82768 0.133465 1.53626 1.00348 -0.269165 -0.920009  2.20723 0.821546
-4.21261 -5.16248 -2.82151 0.149412 1.54479 0.995247 -0.286957 -0.933408  2.21306 0.824015
-4.22566 -5.17249 -2.81516 0.165435 1.55326 0.986896 -0.304779 -0.946718  2.21885 0.826471
-4.23861 -5.18234 -2.80866 0.181522 1.56167 0.978428 -0.322633 -0.959944  2.22459 0.828915
-4.25118 -5.19181 -2.80211 0.197343 1.56984 0.970018 -0.340144 -0.972801  2.23014 0.831295
-4.26391 -5.20131 -2.79526 0.213558 1.57811 0.961321 -0.358037 -0.985824  2.23575 0.833712
-4.2765 -5.21062 -2.78824 0.229826 1.5863 0.952508 -0.375941 -0.998735  2.24129 0.836112
-4.28897 -5.21975 -2.78106 0.246146 1.59441 0.943584 -0.393851 -1.01153  2.24676 0.838496
-4.30132 -5.2287 -2.7737 0.262511 1.60244 0.934546 -0.41176 -1.0242  2.25217 0.840866
-4.31354 -5.23744 -2.76619 0.278921 1.61038 0.9254 -0.42966 -1.03675  2.2575 0.843217
-4.32563 -5.24602 -2.75851 0.295362 1.61823 0.916146 -0.447555 -1.04916  2.26276 0.845551
-4.33759 -5.2544 -2.75068 0.31184 1.62599 0.906789 -0.465426 -1.06144  2.26794 0.847867
-4.34918 -5.26243 -2.74286 0.328003 1.63349 0.897519 -0.482914 -1.07332  2.27294 0.850117
-4.36088 -5.27044 -2.73473 0.344526 1.64106 0.887959 -0.500735 -1.0853  2.27797 0.852396
-4.37242 -5.27824 -2.72644 0.361067 1.64851 0.878295 -0.518518 -1.09713  2.28291 0.854655
-4.38385 -5.28587 -2.71802 0.377615 1.65587 0.868534 -0.536263 -1.1088  2.28778 0.856895
-4.39514 -5.2933 -2.70945 0.39417 1.66312 0.858681 -0.553958 -1.1203  2.29256 0.859114
-4.40628 -5.30055 -2.70074 0.410727 1.67025 0.848734 -0.5716 -1.13163  2.29725 0.861312
-4.41726 -5.30758 -2.69188 0.427281 1.67727 0.838695 -0.589178 -1.14278  2.30185 0.86349
-4.42811 -5.31443 -2.6829 0.443824 1.68417 0.828568 -0.606694 -1.15375  2.30637 0.865646
-4.43861 -5.32097 -2.67398 0.460015 1.69082 0.818565 -0.623784 -1.16431  2.31071 0.867738
-4.44918 -5.32744 -2.66475 0.476522 1.69747 0.808266 -0.641154 -1.17491  2.31506 0.869853
-4.45962 -5.33374 -2.6554 0.493006 1.70402 0.797897 -0.658442 -1.18531  2.31932 0.871946
-4.4699 -5.33984 -2.64593 0.50946 1.71042 0.787441 -0.675638 -1.19552  2.32347 0.874016
-4.48005 -5.34577 -2.63636 0.525879 1.7167 0.776912 -0.692746 -1.20552  2.32755 0.876066
-4.49003 -5.35148 -2.62666 0.542258 1.72285 0.766305 -0.70975 -1.21531  2.33152 0.878092
-4.49988 -5.35702 -2.61686 0.558592 1.72885 0.755629 -0.726652 -1.22488  2.33541 0.880099
-4.50959 -5.36238 -2.60696 0.574878 1.73473 0.744886 -0.743444 -1.23425  2.3392 0.882083
-4.51896 -5.36746 -2.59717 0.590781 1.74035 0.734299 -0.759781 -1.2432  2.34283 0.884007
-4.52838 -5.37246 -2.58708 0.606955 1.74594 0.723427 -0.776339 -1.25213  2.34644 0.885948
-4.53766 -5.37729 -2.57691 0.623069 1.7514 0.712495 -0.792778 -1.26083  2.34996 0.887869
-4.54681 -5.38194 -2.56665 0.639114 1.75671 0.701504 -0.809085 -1.2693  2.35338 0.889769
-4.5558 -5.38641 -2.5563 0.655087 1.76187 0.690456 -0.825257 -1.27753  2.35671 0.891647
-4.56467 -5.39073 -2.54588 0.670988 1.76689 0.679359 -0.841294 -1.28554  2.35996 0.893507
-4.5734 -5.39487 -2.5354 0.686806 1.77176 0.668207 -0.857191 -1.29331  2.36311 0.895346
-4.58199 -5.39886 -2.52484 0.702545 1.77648 0.65701 -0.872943 -1.30084  2.36617 0.897166
-4.59028 -5.40259 -2.51444 0.717877 1.78096 0.645998 -0.888223 -1.30798  2.36908 0.89893
-4.59863 -5.40628 -2.50376 0.733442 1.78538 0.634716 -0.903674 -1.31503  2.37198 0.900714
-4.60682 -5.40977 -2.49302 0.748912 1.78965 0.623391 -0.918966 -1.32183  2.37477 0.902477
-4.61491 -5.41316 -2.48225 0.764287 1.79377 0.612033 -0.9341 -1.3284  2.37749 0.904223
-4.62287 -5.41637 -2.47142 0.779563 1.79774 0.600637 -0.949071 -1.33471  2.38012 0.905952
-4.6307 -5.41944 -2.46054 0.794734 1.80155 0.58921 -0.963871 -1.34078  2.38267 0.907665
-4.63843 -5.4224 -2.44964 0.809803 1.80521 0.577752 -0.97851 -1.3466  2.38515 0.909362
-4.64605 -5.42521 -2.4387 0.824762 1.80872 0.566267 -0.992974 -1.35218  2.38754 0.911044
-4.65339 -5.42783 -2.42795 0.839312 1.81201 0.554994 -1.00697 -1.35739  2.38981 0.912677
-4.66078 -5.43038 -2.41695 0.854053 1.81521 0.543461 -1.02109 -1.36247  2.39205 0.914329
-4.66806 -5.43282 -2.40593 0.86868 1.81826 0.531907 -1.03503 -1.3673  2.39421 0.915969
-4.67525 -5.43513 -2.39489 0.883193 1.82117 0.520336 -1.04879 -1.37188  2.39631 0.917595
-4.68225 -5.43724 -2.38379 0.897575 1.82388 0.508735 -1.06235 -1.37618  2.39828 0.919206
-4.68907 -5.43913 -2.37262 0.911826 1.8264 0.497104 -1.0757 -1.3802  2.40013 0.920801
-4.6958 -5.44093 -2.36145 0.925953 1.82878 0.485461 -1.08887 -1.38396  2.4019 0.922385
-4.70243 -5.4426 -2.35027 0.939955 1.831 0.473811 -1.10185 -1.38749  2.40361 0.923958
-4.70884 -5.44417 -2.33932 0.953551 1.83303 0.462392 -1.11438 -1.39069  2.40523 0.925491
-4.7153 -5.44564 -2.32814 0.967302 1.83495 0.450727 -1.12698 -1.39372  2.40681 0.927046
-4.72169 -5.44706 -2.31697 0.980931 1.83673 0.439063 -1.13939 -1.3965  2.40835 0.928595
-4.728 -5.44838 -2.30581 0.99443 1.83836 0.427395 -1.15161 -1.39904  2.40983 0.930135
-4.73423 -5.44962 -2.29466 1.0078 1.83984 0.415726 -1.16363 -1.40133  2.41125 0.931669
-4.74039 -5.45078 -2.28352 1.02104 1.84118 0.40406 -1.17546 -1.40338  2.41262 0.933199
-4.74648 -5.45186 -2.27239 1.03415 1.84237 0.392398 -1.1871 -1.40519  2.41394 0.934723
-4.75252 -5.45288 -2.26129 1.04713 1.84341 0.38074 -1.19854 -1.40676  2.41522 0.936244
-4.75837 -5.45382 -2.25043 1.05972 1.8443 0.369327 -1.20955 -1.40807  2.41643 0.937729
-4.76429 -5.45472 -2.23937 1.07245 1.84506 0.357683 -1.22061 -1.40917  2.41762 0.939243
-4.77017 -5.45558 -2.22835 1.08504 1.84569 0.346052 -1.23147 -1.41004  2.41878 0.940757
-4.77599 -5.45636 -2.21734 1.0975 1.84618 0.334428 -1.24213 -1.41067  2.41989 0.942268
-4.78176 -5.45709 -2.20636 1.10983 1.84653 0.322819 -1.2526 -1.41107  2.42096 0.943779
-4.78749 -5.45779 -2.19542 1.12204 1.84674 0.311222 -1.26287 -1.41125  2.42201 0.94529
-4.79318 -5.45844 -2.18451 1.13411 1.84682 0.299637 -1.27295 -1.4112  2.42302 0.946802
-4.79883 -5.45906 -2.17364 1.14605 1.84676 0.288071 -1.28283 -1.41092  2.42401 0.948316
-4.80434 -5.45963 -2.16302 1.15762 1.84658 0.276757 -1.29233 -1.41044  2.42495 0.949802
-4.80994 -5.46017 -2.15223 1.16931 1.84626 0.265224 -1.30183 -1.40972  2.42588 0.951322
-4.81551 -5.4607 -2.14147 1.18087 1.84581 0.253709 -1.31114 -1.40879  2.4268 0.952847
-4.82105 -5.4612 -2.13075 1.1923 1.84524 0.242216 -1.32025 -1.40764  2.42769 0.954375
-4.82655 -5.46165 -2.12007 1.2036 1.84453 0.23074 -1.32917 -1.40627  2.42855 0.955909
-4.83207 -5.46213 -2.10945 1.21478 1.84371 0.21929 -1.33791 -1.4047  2.42942 0.957449
-4.83755 -5.46255 -2.09886 1.22582 1.84274 0.207859 -1.34644 -1.4029  2.43025 0.958995
-4.84304 -5.46298 -2.08833 1.23675 1.84167 0.196455 -1.35479 -1.40091  2.43108 0.960551
-4.84838 -5.46338 -2.07805 1.24733 1.8405 0.185305 -1.36279 -1.39875  2.43188 0.96208
-4.85384 -5.46379 -2.06761 1.25801 1.83918 0.173947 -1.37076 -1.39635  2.43269 0.963651
-4.85931 -5.46421 -2.05723 1.26856 1.83774 0.162617 -1.37855 -1.39375  2.4335 0.965231
-4.86475 -5.4646 -2.04688 1.27899 1.83618 0.151313 -1.38614 -1.39094  2.43429 0.96682
-4.8702 -5.465 -2.0366 1.2893 1.83451 0.140036 -1.39355 -1.38794  2.43508 0.968419
-4.87567 -5.46542 -2.02637 1.29949 1.83272 0.128784 -1.40078 -1.38474  2.43587 0.97003
-4.88113 -5.46583 -2.01619 1.30956 1.83081 0.117566 -1.40782 -1.38135  2.43666 0.971653
-4.88661 -5.46626 -2.00607 1.3195 1.82879 0.106373 -1.41467 -1.37776  2.43746 0.973289
-4.89198 -5.46667 -1.9962 1.32913 1.8267 0.0954368 -1.4212 -1.37406  2.43823 0.974904
-4.89748 -5.46712 -1.98619 1.33884 1.82446 0.084306 -1.42769 -1.3701  2.43903 0.976566
-4.90298 -5.46758 -1.97623 1.34843 1.8221 0.0732076 -1.43399 -1.36595  2.43983 0.97824
-4.90851 -5.46807 -1.96633 1.3579 1.81964 0.0621399 -1.44011 -1.36162  2.44064 0.979929
-4.91405 -5.46855 -1.95648 1.36725 1.81706 0.051102 -1.44604 -1.3571  2.44146 0.981635
-4.91964 -5.4691 -1.94671 1.3765 1.81439 0.040104 -1.4518 -1.3524  2.4423 0.983356
-4.92523 -5.46963 -1.93699 1.38562 1.8116 0.0291358 -1.45737 -1.34752  2.44314 0.985093
-4.93084 -5.4702 -1.92732 1.39463 1.8087 0.0181996 -1.46276 -1.34246  2.44399 0.986847
-4.93651 -5.47083 -1.91773 1.40353 1.80571 0.00730553 -1.46798 -1.33724  2.44488 0.988619
-4.94208 -5.47145 -1.90839 1.41214 1.80268 -0.00333402 -1.47291 -1.33194  2.44575 0.990372
-4.94778 -5.4721 -1.89891 1.4208 1.79947 -0.014162 -1.47776 -1.32636  2.44665 0.992179
-4.95355 -5.47283 -1.88951 1.42936 1.79617 -0.0249476 -1.48243 -1.32061  2.44759 0.994007
-4.95932 -5.47355 -1.88016 1.4378 1.79276 -0.0356977 -1.48692 -1.31469  2.44853 0.995851
-4.96516 -5.47436 -1.87088 1.44614 1.78927 -0.0464056 -1.49124 -1.30861  2.44952 0.997718
-4.97102 -5.47518 -1.86167 1.45436 1.78566 -0.0570756 -1.49538 -1.30235  2.45051 0.999604
-4.97694 -5.47605 -1.85253 1.46246 1.78196 -0.0677065 -1.49934 -1.29593  2.45154 1.00151
-4.98288 -5.47695 -1.84345 1.47046 1.77815 -0.0782946 -1.50311 -1.28933  2.45258 1.00344
-4.98879 -5.47793 -1.83464 1.47819 1.77435 -0.0886219 -1.50664 -1.28273  2.45365 1.00536
-4.99482 -5.47893 -1.82569 1.48596 1.77035 -0.0991268 -1.51006 -1.27581  2.45475 1.00733
-5.00093 -5.48001 -1.81683 1.49363 1.76627 -0.109583 -1.5133 -1.26874  2.45589 1.00932
-5.0071 -5.48114 -1.80803 1.50119 1.76209 -0.119995 -1.51637 -1.26151  2.45707 1.01135
-5.01331 -5.48233 -1.79931 1.50863 1.75782 -0.13036 -1.51925 -1.25412  2.45827 1.01339
-5.01958 -5.48357 -1.79066 1.51596 1.75345 -0.140681 -1.52195 -1.24656  2.45951 1.01546
-5.02592 -5.48489 -1.78209 1.52319 1.749 -0.15095 -1.52448 -1.23885  2.46079 1.01755
-5.03231 -5.48627 -1.7736 1.53031 1.74446 -0.16117 -1.52682 -1.23099  2.46211 1.01967
-5.03863 -5.48767 -1.76535 1.53716 1.73991 -0.171132 -1.52894 -1.22313  2.46344 1.02178
-5.04516 -5.48919 -1.75702 1.54406 1.73519 -0.181247 -1.53092 -1.21495  2.46484 1.02395
-5.05173 -5.49075 -1.74876 1.55083 1.73037 -0.191314 -1.53271 -1.20662  2.46627 1.02615
-5.0584 -5.49242 -1.74059 1.55751 1.72547 -0.20132 -1.53433 -1.19814  2.46776 1.02838
-5.06514 -5.49416 -1.7325 1.56407 1.72049 -0.211271 -1.53576 -1.1895  2.4693 1.03063
-5.07192 -5.49596 -1.72449 1.57051 1.71541 -0.221165 -1.53699 -1.18071  2.47087 1.03292
-5.07882 -5.49787 -1.71658 1.57686 1.71026 -0.230996 -1.53805 -1.17177  2.47251 1.03523
-5.08578 -5.49985 -1.70875 1.58308 1.70502 -0.240768 -1.53892 -1.16268  2.47419 1.03758
-5.09269 -5.5019 -1.70117 1.58907 1.69981 -0.250277 -1.53959 -1.15362  2.47589 1.0399
-5.0998 -5.50404 -1.69352 1.59507 1.6944 -0.25992 -1.54008 -1.14422  2.47767 1.04231
-5.10702 -5.50632 -1.68597 1.60096 1.68893 -0.269494 -1.54038 -1.13469  2.47953 1.04474
-5.11432 -5.50867 -1.67852 1.60673 1.68336 -0.279 -1.54049 -1.12499  2.48143 1.04721
-5.1217 -5.51112 -1.67116 1.61238 1.67772 -0.288432 -1.5404 -1.11514  2.48339 1.04971
-5.1292 -5.51369 -1.66391 1.61793 1.67201 -0.297788 -1.54012 -1.10515  2.48542 1.05224
-5.13678 -5.51637 -1.65676 1.62335 1.66622 -0.307072 -1.53964 -1.095  2.48751 1.05481
-5.14447 -5.51916 -1.64972 1.62867 1.66035 -0.316272 -1.53896 -1.0847  2.48968 1.05741
-5.1521 -5.52201 -1.64293 1.63376 1.65454 -0.325207 -1.53809 -1.07447  2.49185 1.05999
-5.15998 -5.52502 -1.6361 1.63884 1.64853 -0.334242 -1.537 -1.06388  2.49415 1.06266
-5.16799 -5.52817 -1.62939 1.64381 1.64246 -0.343191 -1.53572 -1.05313  2.49652 1.06537
-5.17611 -5.53144 -1.62279 1.64866 1.63633 -0.352049 -1.53422 -1.04224  2.49898 1.06811
-5.18433 -5.53485 -1.61632 1.65338 1.63012 -0.360809 -1.53251 -1.03119  2.5015 1.07089
-5.19268 -5.53838 -1.60996 1.65799 1.62385 -0.36947 -1.53058 -1.01999  2.50411 1.07371
-5.20117 -5.5421 -1.60373 1.66249 1.61753 -0.378036 -1.52845 -1.00865  2.50682 1.07656
-5.20976 -5.54593 -1.59763 1.66687 1.61115 -0.386491 -1.52609 -0.997149  2.5096 1.07946
-5.21831 -5.54982 -1.59178 1.67104 1.60484 -0.39467 -1.52356 -0.985734  2.51241 1.08233
-5.22718 -5.55397 -1.58594 1.67518 1.59836 -0.40291 -1.52077 -0.973937  2.51538 1.0853
-5.23618 -5.55826 -1.58023 1.6792 1.59182 -0.411033 -1.51775 -0.961985  2.51844 1.08831
-5.24533 -5.56274 -1.57467 1.68311 1.58524 -0.419029 -1.51449 -0.949881  2.52161 1.09137
-5.25462 -5.56738 -1.56924 1.68691 1.57862 -0.426907 -1.51101 -0.937626  2.52487 1.09446
-5.26407 -5.57221 -1.56396 1.69059 1.57196 -0.43465 -1.50729 -0.925218  2.52825 1.0976
-5.27368 -5.57722 -1.55883 1.69416 1.56528 -0.44226 -1.50334 -0.912658  2.53175 1.10078
-5.28346 -5.58242 -1.55385 1.69761 1.55856 -0.449731 -1.49915 -0.899947  2.53535 1.104
-5.29318 -5.58769 -1.54911 1.70088 1.55195 -0.456907 -1.49479 -0.887337  2.53899 1.1072
-5.30329 -5.59328 -1.54442 1.70413 1.54519 -0.46409 -1.49012 -0.874322  2.54284 1.11051
-5.31358 -5.59909 -1.53989 1.70727 1.53842 -0.471114 -1.4852 -0.861159  2.54682 1.11386
-5.32404 -5.60509 -1.53551 1.71031 1.53163 -0.477982 -1.48002 -0.847831  2.55092 1.11726
-5.33469 -5.61132 -1.53129 1.71325 1.52485 -0.484685 -1.47459 -0.834359  2.55517 1.1207
-5.34552 -5.61776 -1.52722 1.7161 1.51806 -0.49122 -1.46891 -0.820724  2.55954 1.12419
-5.35647 -5.62433 -1.52329 1.71882 1.51126 -0.497553 -1.4629 -0.806893  2.564 1.12772
-5.36761 -5.63113 -1.51951 1.72146 1.50447 -0.503711 -1.45664 -0.792915  2.5686 1.1313
-5.37874 -5.63804 -1.51596 1.72398 1.49786 -0.50956 -1.45026 -0.779079  2.57327 1.13485
-5.3903 -5.64531 -1.51248 1.72649 1.49113 -0.51535 -1.44349 -0.764809  2.57818 1.13852
-5.40208 -5.65282 -1.50914 1.72894 1.48445 -0.520948 -1.43647 -0.750395  2.58326 1.14224
-5.41407 -5.66057 -1.50593 1.73135 1.47783 -0.52635 -1.42918 -0.735833  2.5885 1.146
-5.42631 -5.66857 -1.50285 1.73374 1.47127 -0.531564 -1.42165 -0.721145  2.59391 1.14982
-5.43875 -5.67681 -1.49988 1.73611 1.46478 -0.536572 -1.41387 -0.706319  2.59949 1.15367
-5.45142 -5.68528 -1.49702 1.73847 1.45836 -0.541384 -1.40585 -0.691362  2.60525 1.15758
-5.46432 -5.69398 -1.49425 1.74086 1.45204 -0.546003 -1.39759 -0.676282  2.61117 1.16154
-5.47718 -5.70273 -1.49161 1.74322 1.44594 -0.55034 -1.38928 -0.661395  2.61715 1.16546
-5.49052 -5.71187 -1.48897 1.74568 1.43982 -0.554575 -1.38057 -0.64608  2.62342 1.16951
-5.50407 -5.72119 -1.48636 1.74821 1.43381 -0.558631 -1.37165 -0.630668  2.62986 1.1736
-5.51785 -5.73071 -1.48376 1.75084 1.42792 -0.562517 -1.36255 -0.615163  2.63647 1.17774
-5.53184 -5.74041 -1.48114 1.75359 1.42216 -0.566239 -1.35327 -0.599574  2.64325 1.18192
-5.54601 -5.75023 -1.47847 1.75648 1.41653 -0.569816 -1.34384 -0.583912  2.65018 1.18615
-5.56035 -5.76016 -1.4757 1.75954 1.41103 -0.573266 -1.33427 -0.568193  2.65725 1.19041
-5.57485 -5.77018 -1.47281 1.76279 1.40567 -0.576613 -1.3246 -0.552431  2.66446 1.19472
-5.58919 -5.78002 -1.46979 1.76619 1.40052 -0.579826 -1.31505 -0.536964  2.67163 1.19898
-5.60392 -5.79006 -1.4665 1.76991 1.3954 -0.583067 -1.30528 -0.521174  2.67904 1.20335
-5.61875 -5.80004 -1.46293 1.77391 1.39038 -0.586299 -1.29549 -0.505388  2.68653 1.20777
-5.63363 -5.80992 -1.45904 1.77822 1.38545 -0.589586 -1.28576 -0.489644  2.69407 1.21221
-5.64694 -5.81711 -1.45243 1.78361 1.37908 -0.595969 -1.27889 -0.475355  2.70045 1.21653
-5.65846 -5.82135 -1.44295 1.78998 1.37092 -0.605888 -1.27521 -0.462659  2.70546 1.22069
-5.67006 -5.8256 -1.43341 1.79633 1.36266 -0.615833 -1.27143 -0.449893  2.71053 1.22488
-5.68176 -5.8299 -1.42383 1.80269 1.35433 -0.625794 -1.26757 -0.437063  2.71568 1.22912
-5.69327 -5.83411 -1.41438 1.8089 1.34607 -0.635565 -1.26369 -0.424417  2.72078 1.23331
-5.70513 -5.83844 -1.4047 1.81523 1.33756 -0.645559 -1.25963 -0.411441  2.72606 1.23763
-5.71707 -5.84283 -1.39497 1.82156 1.32896 -0.65557 -1.25548 -0.398394  2.73142 1.24199
-5.72909 -5.84723 -1.38518 1.82787 1.32027 -0.665595 -1.25123 -0.385276  2.73683 1.24638
-5.74119 -5.85164 -1.37534 1.83417 1.31149 -0.675637 -1.24688 -0.372084  2.74231 1.25082
-5.75336 -5.85607 -1.36545 1.84046 1.30262 -0.685694 -1.24242 -0.35882  2.74786 1.25529
-5.76561 -5.86053 -1.3555 1.84674 1.29366 -0.695762 -1.23786 -0.345483  2.75347 1.25981
-5.77794 -5.86502 -1.3455 1.853 1.2846 -0.705852 -1.23321 -0.33208  2.75915 1.26437
-5.79011 -5.86945 -1.33566 1.85912 1.27564 -0.715749 -1.22855 -0.318876  2.76479 1.26887
-5.80262 -5.874 -1.32556 1.86537 1.26641 -0.725867 -1.2237 -0.305333  2.77062 1.27351
-5.81517 -5.87853 -1.31539 1.87158 1.25707 -0.735996 -1.21873 -0.291712  2.77649 1.27818
-5.82784 -5.88313 -1.30517 1.87779 1.24765 -0.746144 -1.21367 -0.278026  2.78246 1.2829
-5.84059 -5.88774 -1.29491 1.884 1.23814 -0.756296 -1.2085 -0.264266  2.7885 1.28766
-5.85339 -5.89235 -1.28457 1.89018 1.22853 -0.766471 -1.20322 -0.250435  2.79459 1.29246
-5.86627 -5.89698 -1.27417 1.89634 1.21881 -0.776652 -1.19783 -0.236533  2.80074 1.2973
-5.87925 -5.90165 -1.26372 1.90249 1.20901 -0.78685 -1.19234 -0.222561  2.80698 1.30218
-5.89206 -5.90626 -1.25344 1.90851 1.19932 -0.796847 -1.18685 -0.208806  2.81317 1.30701
-5.90517 -5.91093 -1.24287 1.91462 1.18932 -0.807067 -1.18114 -0.194694  2.81953 1.31196
-5.91783 -5.91493 -1.2319 1.92018 1.17774 -0.81913 -1.17672 -0.18112  2.82555 1.3169
-5.92932 -5.91731 -1.22021 1.92417 1.16226 -0.835829 -1.17567 -0.168975  2.83063 1.32172
-5.94113 -5.92007 -1.20879 1.92801 1.14678 -0.852272 -1.17424 -0.156613  2.83597 1.3266
-5.95324 -5.9232 -1.19762 1.93173 1.13139 -0.868365 -1.17238 -0.144016  2.84156 1.33153
-5.96568 -5.92669 -1.18665 1.93541 1.11616 -0.884045 -1.17003 -0.131161  2.84741 1.33654
-5.97845 -5.93056 -1.17586 1.93911 1.10116 -0.89925 -1.16717 -0.118051  2.85353 1.3416
-5.99124 -5.93464 -1.16541 1.94279 1.08673 -0.913669 -1.16386 -0.104956  2.85977 1.34663
-6.00453 -5.93905 -1.15482 1.94663 1.0723 -0.927863 -1.15995 -0.0913256  2.86633 1.35183
-6.01809 -5.94372 -1.14428 1.95061 1.05818 -0.941541 -1.15551 -0.0774433  2.87312 1.35708
-6.03187 -5.94858 -1.13375 1.95474 1.04439 -0.954716 -1.15057 -0.0633199  2.88009 1.3624
-6.04583 -5.9536 -1.1232 1.95902 1.0309 -0.967397 -1.14513 -0.0489614  2.88722 1.36777
-6.05995 -5.95874 -1.11259 1.96348 1.01771 -0.979614 -1.13922 -0.0343911  2.8945 1.3732
-6.07426 -5.96401 -1.10193 1.9681 1.0048 -0.991405 -1.13288 -0.0196155  2.90194 1.37868
-6.08868 -5.96934 -1.09117 1.97291 0.992151 -1.00279 -1.12612 -0.00465772  2.90949 1.38421
-6.10291 -5.97459 -1.08053 1.97777 0.979985 -1.01358 -1.11912 0.0101692  2.91698 1.38968
-6.11752 -5.97999 -1.06955 1.98288 0.967769 -1.02425 -1.1116 0.0254671  2.92471 1.3953
-6.13225 -5.98541 -1.05846 1.98816 0.955746 -1.03462 -1.10376 0.0409085  2.93255 1.40098
-6.14703 -5.99082 -1.04723 1.99356 0.943873 -1.04471 -1.09559 0.0564884  2.94045 1.40669
-6.16188 -5.99622 -1.03587 1.9991 0.932142 -1.05455 -1.08713 0.0721948  2.94841 1.41244
-6.17681 -6.00162 -1.02439 2.00474 0.920517 -1.06417 -1.0784 0.0880158  2.95647 1.41823
-6.19176 -6.00696 -1.01276 2.01049 0.908981 -1.07358 -1.0694 0.103944  2.96455 1.42406
-6.20679 -6.01231 -1.00102 2.01633 0.897512 -1.08281 -1.06016 0.119974  2.97271 1.42993
-6.22153 -6.01748 -0.989372 2.02212 0.886324 -1.0917 -1.0509 0.135759  2.98074 1.4357
-6.2366 -6.0227 -0.977342 2.02811 0.874938 -1.10064 -1.04124 0.151953  2.98897 1.44163
-6.25171 -6.02791 -0.965211 2.03414 0.863563 -1.10945 -1.03136 0.168232  2.99725 1.44759
-6.26683 -6.03303 -0.952937 2.04022 0.852184 -1.11814 -1.0213 0.184578  3.00556 1.45358
-6.28201 -6.03813 -0.940557 2.04635 0.840793 -1.12675 -1.01106 0.200993  3.01392 1.45961
-6.29719 -6.04317 -0.928043 2.0525 0.829377 -1.13527 -1.00064 0.217462  3.02231 1.46565
-6.31237 -6.04813 -0.915417 2.05865 0.817914 -1.14371 -0.990058 0.233994  3.03072 1.47173
-6.3276 -6.05306 -0.90269 2.06483 0.806413 -1.15208 -0.979319 0.250575  3.03918 1.47783
-6.34256 -6.05785 -0.890112 2.07088 0.795086 -1.16023 -0.968654 0.266866  3.04752 1.48384
-6.35778 -6.06264 -0.877153 2.07705 0.783456 -1.1685 -0.957618 0.283539  3.05601 1.48998
-6.37304 -6.06739 -0.864101 2.08321 0.771754 -1.17672 -0.946437 0.300254  3.06455 1.49615
-6.38832 -6.07208 -0.850951 2.08934 0.75997 -1.1849 -0.93512 0.317008  3.07311 1.50235
-6.40362 -6.07675 -0.83771 2.09546 0.748105 -1.19305 -0.923665 0.333798  3.08173 1.50857
-6.41889 -6.08129 -0.824353 2.10155 0.736143 -1.20116 -0.912082 0.350618  3.09032 1.5148
-6.43417 -6.0858 -0.810917 2.10759 0.724082 -1.20924 -0.900358 0.367469  3.09895 1.52105
-6.44946 -6.09024 -0.797389 2.1136 0.711924 -1.21729 -0.888514 0.384345  3.10759 1.52732
-6.46446 -6.09455 -0.784056 2.11945 0.699917 -1.22516 -0.876793 0.400901  3.1161 1.53348
-6.47973 -6.09884 -0.770348 2.12536 0.687544 -1.23316 -0.864697 0.417825  3.12476 1.53978
-6.49503 -6.1031 -0.756566 2.13122 0.675066 -1.24114 -0.852487 0.434765  3.13347 1.54609
-6.51029 -6.10726 -0.74269 2.13703 0.662476 -1.2491 -0.840151 0.451721  3.14215 1.55241
-6.52554 -6.11136 -0.728742 2.14277 0.649768 -1.25704 -0.827698 0.468689  3.15085 1.55875
